position_joint1,position_joint2,position_joint3,position_joint4,position_joint5,position_joint6,position_joint7,velocity_joint1,velocity_joint2,velocity_joint3,velocity_joint4,velocity_joint5,velocity_joint6,velocity_joint7,ee_T_00,ee_T_10,ee_T_20,ee_T_30,ee_T_01,ee_T_11,ee_T_21,ee_T_31,ee_T_02,ee_T_12,ee_T_22,ee_T_32,ee_T_03,ee_T_13,ee_T_23,ee_T_33,v_x,v_y,time
0.465072677219,0.54787544773,-0.123907948076,-1.35586066757,0.0794612296952,1.89409632499,0.159168064927,0.000425506212695,-6.18821335414e-05,0.000426459316716,-0.00141959804468,-0.000309294317549,0.000101258847194,-0.00095438008041,0.573748911009,0.819017443309,0.00183345921093,0.0,0.81897267548,-0.573690738633,-0.011976649137,0.0,-0.008757414594,0.00837330360731,-0.999926595044,0.0,0.661651307463,0.260925314035,0.303131331525,1.0,0.0,0.0,0.0
0.465072438801,0.54788282323,-0.123905659196,-1.35586290187,0.0794612282349,1.89409661162,0.159171622208,0.000338968112824,0.00176294358839,-0.00260218582624,-0.000604236213637,-0.00149776296111,-0.000168468915656,0.000655300813358,0.573750555657,0.819016308101,0.00182588306924,0.0,0.818971427475,-0.573692402289,-0.0119822968117,0.0,-0.00876637003282,0.00837035667271,-0.999926541245,0.0,0.661650191557,0.260926135618,0.303124992555,1.0,-0.00016,-0.000210285714286,0.009
0.465072242681,0.547879927718,-0.123910456658,-1.3558660084,0.079461941772,1.89409787312,0.159168473315,0.000760167727025,0.000854587671143,0.0018656316885,-0.000713137887793,3.96307102272e-05,8.35086042874e-05,0.000505422300552,0.573751851918,0.819015399447,0.00182614119453,0.0,0.818970538766,-0.57369371311,-0.0119802784367,0.0,-0.00876455555163,0.00836942391484,-0.999926564958,0.0,0.661650920928,0.260923100406,0.303125834913,1.0,-0.00046,-0.000604571428571,0.024
0.4650663052,0.547856064453,-0.123903960362,-1.35587802884,0.0794603993289,1.89409476089,0.159174775833,-0.000386873489161,-0.00244944260423,0.00167916720294,-0.004321720169,-0.000524324403926,-0.000344632217401,0.00190695460193,0.573757521663,0.819011406833,0.00183540562618,0.0,0.818966632204,-0.573699309093,-0.0119793565645,0.0,-0.00875842736005,0.00837654317237,-0.999926559041,0.0,0.661648322133,0.260921359226,0.303136530856,1.0,-0.0008,-0.00105142857143,0.041
0.465073635184,0.547790092319,-0.123908552221,-1.35593832642,0.0794593583074,1.89410999284,0.159169683661,0.000811128548097,-0.0110121825746,0.000610903515074,-0.00727465011334,0.000177365127033,0.00575905962259,0.00139331269774,0.57375356248,0.819014137365,0.00185451848884,0.0,0.818969602762,-0.573695259646,-0.0119702010373,0.0,-0.0087400036828,0.0083869012327,-0.99992663342,0.0,0.661638486955,0.260918132484,0.303156040998,1.0,-0.00114,-0.00149828571429,0.058
0.465071163755,0.547671685376,-0.123911128188,-1.35609837674,0.0794595427065,1.89413066474,0.159166826999,-0.00250269226225,-0.00615137772197,0.000701211470327,-0.0114042232702,0.000203346956893,0.00126023394741,-0.000377035104064,0.573763785021,0.819007004359,0.00184193126837,0.0,0.818962141609,-0.573705377846,-0.0119957051933,0.0,-0.00876800951263,0.00839133475117,-0.999926351043,0.0,0.661607723304,0.260898825041,0.303164257905,1.0,-0.00146,-0.00191885714286,0.074
0.465058738376,0.547526797364,-0.123905810669,-1.35630526708,0.0794550157978,1.89418722143,0.159159301585,0.000476172174846,-0.0111079451559,0.000701050369497,-0.0151847135588,-6.91393541462e-06,0.0150580828407,0.000265176101286,0.573774279959,0.818999644731,0.00184512562647,0.0,0.81895472997,-0.573715768019,-0.012004777682,0.0,-0.00877349990778,0.00839926874167,-0.999926236271,0.0,0.661580213404,0.260874302825,0.303174521584,1.0,-0.00178,-0.00233942857143,0.09
0.465030817104,0.547346447106,-0.123906230134,-1.35652120206,0.0794504241065,1.89432801806,0.159145854593,-0.00410216303379,-0.00875748379323,0.000391988784892,-0.0131934321094,-0.00184616186454,0.00719205095682,-0.000374678291876,0.573797659049,0.818983051593,0.00193767233114,0.0,0.818939355264,-0.573738760279,-0.0119546750023,0.0,-0.00867912559314,0.0084465632831,-0.999926661485,0.0,0.661571194362,0.260841166666,0.303211729037,1.0,-0.00214,-0.00281257142857,0.108
0.465013321785,0.547153536646,-0.123906151997,-1.35675158068,0.0794461897755,1.89444014658,0.159135930387,0.000428556088588,-0.0074346963955,-0.000306311622719,-0.0195057612399,-0.000212984464878,0.00794523063875,0.00155683737279,0.573815685869,0.818970255731,0.00200643447064,0.0,0.81892740753,-0.573756450717,-0.0119240663005,0.0,-0.00861441676124,0.00848550383425,-0.999926891352,0.0,0.661550608889,0.260811769984,0.303248446697,1.0,-0.00246,-0.00323314285714,0.124
0.464976132211,0.546919693551,-0.123908631646,-1.35709424151,0.0794379185627,1.89457746296,0.159100795154,-0.00562406061285,-0.0158021488053,-0.000262561623073,-0.02120517876,3.7201736616e-05,0.00884122331963,-0.00259356266106,0.573836131291,0.818955855626,0.00203663011524,0.0,0.818913315404,-0.573776684612,-0.0119182612382,0.0,-0.0085921243796,0.0085071162289,-0.999926899514,0.0,0.661516300007,0.260756120474,0.303262970779,1.0,-0.00282,-0.00370628571429,0.142
0.464943409236,0.546661300869,-0.123906128571,-1.35748726257,0.0794294993996,1.89472758443,0.158986270693,-0.000168935946362,-0.0163319408807,1.72207837045e-05,-0.0192279192798,-0.000624995673479,0.0150885196119,-0.00768785893137,0.573787166204,0.818990105862,0.0020594422077,0.0,0.818947709646,-0.57372747979,-0.0119237033563,0.0,-0.00858400175508,0.00852840763689,-0.999926787909,0.0,0.661471312458,0.260701498318,0.303271846401,1.0,-0.00316,-0.00415314285714,0.159
0.464901989581,0.546386387431,-0.12390931945,-1.3579131183,0.0794119122586,1.89487848882,0.158951124075,-0.000306016985113,-0.0192744610458,0.000214233397639,-0.0350569814037,0.000311213572538,0.0120537692795,0.000816122947768,0.573813632486,0.818971553933,0.00206298875834,0.0,0.818929136898,-0.573753861576,-0.0119298770384,0.0,-0.00858674749138,0.00853513200956,-0.999926706959,0.0,0.66142343917,0.260632713118,0.30327701699,1.0,-0.00348,-0.00457371428571,0.175
0.464853927429,0.546089678876,-0.123909303007,-1.35841738776,0.0793840342984,1.89505421823,0.158917281063,-0.00285561121001,-0.0198092823389,7.05622415608e-05,-0.0331430224002,-0.00198376073011,0.0117684289697,-0.000808224028601,0.573846023485,0.818948924786,0.00203637525367,0.0,0.818906119046,-0.573786317143,-0.0119489476442,0.0,-0.00861729947814,0.00852462037171,-0.9999265338,0.0,0.66136461933,0.260552384583,0.303262314108,1.0,-0.00382,-0.00502057142857,0.192
0.464791511079,0.545721918676,-0.123909320621,-1.35904099376,0.0792981580948,1.89526038656,0.158803212038,-0.00450341798071,-0.0222191993336,0.00213445389772,-0.0335365013061,-0.00302797055485,0.0158927195519,-0.00597722224534,0.573815635769,0.818970384914,0.00196765895486,0.0,0.818927078982,-0.573756608537,-0.0119390272209,0.0,-0.00864891890837,0.00846233262166,-0.999926789884,0.0,0.661293277503,0.260441986055,0.303243634319,1.0,-0.00418,-0.00549371428571,0.21
0.464736508218,0.545381090019,-0.123915019586,-1.35962867101,0.0792742079515,1.89545322625,0.15873819504,-0.00134973442507,-0.024842944666,-0.00107714934661,-0.0389161260586,-0.000313085822731,0.0160516562665,0.00141015103034,0.573837751595,0.81895498742,0.00192622031049,0.0,0.818911024542,-0.573778782333,-0.0119745450748,0.0,-0.00870155659875,0.0084490117397,-0.999926445852,0.0,0.661222656356,0.260346239315,0.303222107186,1.0,-0.00448,-0.005888,0.225
0.464673272566,0.544956457536,-0.123912525676,-1.36032793212,0.0792509885697,1.89568111618,0.158669244698,-0.00242318095988,-0.025097659073,-5.74651577366e-05,-0.0428349711019,-0.00196153834156,0.0148688013339,-0.00449135449638,0.573863986986,0.818936670713,0.00189755181882,0.0,0.818892097141,-0.573804907928,-0.0120169787905,0.0,-0.00875248856858,0.00845016424045,-0.999925991595,0.0,0.661135742044,0.260240153385,0.303209537967,1.0,-0.00482,-0.00633485714286,0.242
0.464598675266,0.544487159352,-0.123915294871,-1.36110170687,0.0792225096116,1.89596512802,0.158559278538,-0.00260065902166,-0.0294891167993,-0.000808558494414,-0.0457307827727,2.59312084173e-05,0.0207304779161,-0.00294923357109,0.573872554038,0.818930688005,0.00188861517243,0.0,0.818885830439,-0.5738133512,-0.0120408302168,0.0,-0.00877706175798,0.00845662500932,-0.999925721582,0.0,0.661048432625,0.260118216239,0.303198112943,1.0,-0.00518,-0.006808,0.26
0.464535543367,0.544054133132,-0.123912201309,-1.36180517104,0.0791862318983,1.89622310988,0.158462604372,-0.0027591881169,-0.0235521310168,0.00474495999584,-0.0415714401067,8.2296868737e-05,0.0165472502818,-0.0067622415799,0.573872465461,0.818930766379,0.00188153255263,0.0,0.818885731281,-0.573813211601,-0.0120542190886,0.0,-0.00879209191462,0.00845850744038,-0.999925573616,0.0,0.660967164486,0.260012101495,0.303191968342,1.0,-0.00548,-0.00720228571429,0.275
0.464453344373,0.543504236819,-0.12392130945,-1.36269525181,0.0791342210862,1.89652595192,0.158353272803,-0.00710990621833,-0.0286925546676,-0.00124998271646,-0.0484503810806,-2.13148410424e-05,0.0208363079396,-0.00158704448876,0.573892159035,0.818917040785,0.00184851602681,0.0,0.81887155849,-0.573833032244,-0.0120734709975,0.0,-0.00882660152388,0.00844273008629,-0.999925402925,0.0,0.660863488903,0.25986620197,0.303183917029,1.0,-0.00584,-0.00767542857143,0.293
0.464372879478,0.542945394112,-0.123919000037,-1.3635776484,0.0790817150715,1.89685208098,0.15826100894,-0.0054711043666,-0.0325224364305,-0.000999159961086,-0.0559907280561,-0.00605709139273,0.0239286867251,-0.00593654901759,0.573915959737,0.818900355521,0.00185088832072,0.0,0.818854878424,-0.573856794848,-0.0120753463521,0.0,-0.00882653051946,0.00844600553342,-0.99992537589,0.0,0.66076329124,0.259730607141,0.303187426246,1.0,-0.00618,-0.00812228571429,0.31
0.464303344121,0.542378035573,-0.12392209836,-1.36444753005,0.079033943093,1.89716317963,0.158126069771,-0.00410544165418,-0.0406405078438,-0.000382820426996,-0.0572933342272,-0.000151984383281,0.024482219746,-0.00955288194694,0.573900067747,0.818911470774,0.00186069232349,0.0,0.818866069192,-0.573840811306,-0.012076046805,0.0,-0.00882164190165,0.0084542646592,-0.999925349235,0.0,0.660661208847,0.259600453462,0.303201722748,1.0,-0.0065,-0.00854285714286,0.326
0.46422051481,0.54173382379,-0.123925301974,-1.36545492719,0.078975732171,1.89754248349,0.15798865277,-0.00223524754744,-0.0342573082095,-0.0004807957813,-0.0583484055904,-0.00165896677804,0.020926440302,-0.00212233389991,0.573898038219,0.818912861735,0.00187443727107,0.0,0.818867631206,-0.573838713444,-0.0120698143232,0.0,-0.0088086711102,0.00846192168798,-0.999925398815,0.0,0.660546950575,0.259449087141,0.303210749066,1.0,-0.00686,-0.009016,0.344
0.464136318913,0.541067406473,-0.123921074759,-1.36646430632,0.0789095727647,1.89792202962,0.157869994697,-0.00317072771859,-0.0435028311123,0.0017779920486,-0.0590136086615,-0.000859148137453,0.0250320125995,-0.00770783213157,0.573905146845,0.818907812892,0.00190349973522,0.0,0.81886299147,-0.57384572262,-0.0120513373925,0.0,-0.00877678814578,0.00847519321708,-0.999925566775,0.0,0.66043179105,0.259299926439,0.303234193396,1.0,-0.0072,-0.00946285714286,0.361
0.464055099157,0.540456648457,-0.123925715627,-1.36742103163,0.0788596965156,1.89826450915,0.157739531821,-0.00828867325837,-0.0401523676965,-0.000293878457808,-0.0606407858807,-0.00589942629617,0.0109709427424,-0.0082622442214,0.5739076598,0.818906050879,0.00190387965914,0.0,0.818861158457,-0.573848160259,-0.0120598108985,0.0,-0.00878348338675,0.0084803942275,-0.999925463889,0.0,0.660320103156,0.259153230173,0.303240368662,1.0,-0.0075,-0.00985714285714,0.376
0.463951208136,0.539667886582,-0.123928820982,-1.36863621925,0.0787901400602,1.89872854962,0.157606871624,-0.00815225232613,-0.044512914019,0.000235429166235,-0.0665634786523,-0.000600632040003,0.0278229121995,-0.0116939540932,0.573934983198,0.818886825619,0.00193617966572,0.0,0.818842348526,-0.573875333691,-0.012043942175,0.0,-0.00875166832064,0.00849802926791,-0.999925593132,0.0,0.660184051298,0.258969189589,0.303259696212,1.0,-0.00786,-0.0103302857143,0.394
0.463855014923,0.538909711745,-0.123934122598,-1.36979886432,0.0787223787545,1.89917415267,0.157447768392,-0.0087756116853,-0.0414933798084,-0.00131504372904,-0.066263423746,-0.00541109548928,0.0344038482816,-0.0152958356894,0.573933370179,0.818887873893,0.0019706563114,0.0,0.81884386307,-0.573873588255,-0.0120241223194,0.0,-0.00871566815653,0.00851486881063,-0.999925764313,0.0,0.660053829169,0.258793842868,0.303280756809,1.0,-0.0082,-0.0107771428571,0.411
0.46375469567,0.538178088553,-0.123934895485,-1.37095330742,0.0786585377117,1.89960630112,0.157308217746,-0.00467437574297,-0.0479255839669,0.000761742878233,-0.0738755782006,-0.00558909465519,0.0298734844779,-0.00692053093847,0.573948437768,0.818877289083,0.00198068394746,0.0,0.81883335435,-0.573888557453,-0.0120253203658,0.0,-0.00871073759683,0.00852392803026,-0.999925730093,0.0,0.659921692537,0.258618753802,0.303285537673,1.0,-0.00852,-0.0111977142857,0.427
0.463642572144,0.53738266868,-0.123937997744,-1.37221247984,0.0785831632872,1.90007814653,0.15714630746,-0.00707964822366,-0.0417245372447,1.65222017914e-05,-0.0767943724744,-0.0011266758732,0.0258953455834,-0.010967735958,0.573959087031,0.818869811664,0.00198616758075,0.0,0.818825951924,-0.573899185283,-0.012022166534,0.0,-0.00870489688527,0.00852672145377,-0.99992575714,0.0,0.659778866455,0.258423772993,0.30328890526,1.0,-0.00886,-0.0116445714286,0.444
0.463535911118,0.536580972734,-0.12394381585,-1.3734535924,0.0785160549792,1.90055522059,0.157003393762,-0.00554361279062,-0.0483105029724,-0.00202131069638,-0.0734350924363,-0.0031618657749,0.0303177588905,-0.00270420630501,0.573983904864,0.818852333258,0.0020199445435,0.0,0.818808887356,-0.573923829797,-0.0120079339958,0.0,-0.00867359745535,0.00854647393458,-0.999925860497,0.0,0.659639918709,0.25823474965,0.303305708416,1.0,-0.00918,-0.0120651428571,0.46
0.463421021717,0.535724379157,-0.123949117613,-1.37481799602,0.0784396741641,1.901045771,0.156839719641,-0.0102001540389,-0.0501430389709,-0.00357041334394,-0.0779853071157,-0.0063006428727,0.0298503884537,-0.00761466732114,0.573999066102,0.8188417432,0.00200464671223,0.0,0.818798022886,-0.573938980613,-0.0120246061273,0.0,-0.00869587197458,0.00854367794417,-0.999925690928,0.0,0.65946910275,0.258011966878,0.303301581819,1.0,-0.00954,-0.0125382857143,0.478
0.463298536653,0.534823624607,-0.123945226691,-1.37626180473,0.0783542532072,1.90156220258,0.156657345159,-0.0084770984252,-0.044608189311,-0.000527312931447,-0.082874754722,-0.00413823946875,0.0264015026569,-0.00776239523378,0.574006484574,0.818836589155,0.00198565584942,0.0,0.818792546578,-0.573946406568,-0.0120430460524,0.0,-0.00872179463474,0.00853879113589,-0.999925506898,0.0,0.659305393621,0.257809285995,0.303296584119,1.0,-0.00986,-0.0129588571429,0.494
0.463159860614,0.533867343234,-0.123950261767,-1.37783124134,0.0782679229174,1.90214080627,0.156460048438,-0.0102437277436,-0.0507036182643,-8.84387829576e-05,-0.0833572278278,-0.00448529283875,0.0238168207386,-0.00897966196689,0.574024853126,0.818823779326,0.00195788267806,0.0,0.8187792917,-0.573964812398,-0.0120670010196,0.0,-0.00875716021849,0.00852999650921,-0.99992527286,0.0,0.659122603225,0.257566496094,0.303274485644,1.0,-0.01022,-0.013432,0.512
0.463030935256,0.532988562892,-0.123950873768,-1.37924569366,0.0781900787982,1.90268667311,0.1562747348,-0.00764667330081,-0.0500384522051,-0.00100889227927,-0.0938216925815,-0.00198869180495,0.034228446377,-0.0141978981638,0.574035718952,0.818816136381,0.00196851987362,0.0,0.818771732041,-0.573975576422,-0.0120679485835,0.0,-0.00875171720169,0.00853936637714,-0.999925240539,0.0,0.658962938304,0.257349251267,0.303268317948,1.0,-0.01054,-0.0138525714286,0.528
0.46288909647,0.531952571913,-0.123949035898,-1.38090460659,0.0780833663434,1.9032910437,0.1560789037,-0.00479578103574,-0.0616945295632,-0.000380993909211,-0.0993704542847,-0.00829370840149,0.0329121265936,-0.00686429327063,0.574051967797,0.818804792488,0.00194858115734,0.0,0.818760139249,-0.573991921209,-0.0120770718581,0.0,-0.00877046333308,0.00852845164421,-0.999925169443,0.0,0.658766068377,0.257097317027,0.303261396518,1.0,-0.0109,-0.0143257142857,0.546
0.462764551726,0.531006659615,-0.123953816731,-1.38243049351,0.0780052434054,1.9038330155,0.155883628485,-0.00804891027307,-0.0564595683716,-0.000680117964842,-0.101290933339,-0.00417293891659,0.030139211892,-0.00880574688549,0.574059420766,0.818799628836,0.00192253732478,0.0,0.818754469124,-0.573999326346,-0.0121094815688,0.0,-0.00881187354053,0.00852581215021,-0.999924827881,0.0,0.658580441544,0.256867941097,0.303248926714,1.0,-0.01122,-0.0147462857143,0.562
0.462636426887,0.530025004659,-0.123952225656,-1.3839683732,0.0779064268368,1.90438683719,0.155678703518,-0.00991641462903,-0.0571532868223,0.00277160238696,-0.0947450353051,-0.000555376936371,0.0327528415303,-0.00849999304643,0.574052262057,0.81880465863,0.00191789818373,0.0,0.818759438824,-0.57399218956,-0.0121117530482,0.0,-0.00881647098663,0.00852324057424,-0.999924809278,0.0,0.658395527497,0.256636457077,0.303256493108,1.0,-0.01154,-0.0151668571429,0.578
0.462494732063,0.528896741602,-0.123958234591,-1.38572971903,0.0777886817569,1.90505486177,0.155429025481,-0.00490626653207,-0.0617256232334,0.000640805676268,-0.102708988122,-0.00238299744317,0.0360843000583,-0.0123353546696,0.574031966642,0.818818837075,0.0019391301333,0.0,0.818774026144,-0.573971930614,-0.0120856890618,0.0,-0.00878315269938,0.00852544538804,-0.999925083699,0.0,0.658190826611,0.256371725862,0.303270857033,1.0,-0.0119,-0.01564,0.596
0.462367135745,0.527862160777,-0.123955172891,-1.38733451379,0.0776929259966,1.90568142736,0.155199684537,-0.00976236319134,-0.0653199350283,0.000805317845019,-0.103027939666,0.000130536105989,0.037731568244,-0.0116821008986,0.574007760802,0.818835690727,0.00198721701459,0.0,0.818791505774,-0.573947516577,-0.0120608950106,0.0,-0.00873550121187,0.00855032837033,-0.999925288661,0.0,0.658004643004,0.256139651109,0.303289636293,1.0,-0.01222,-0.0160605714286,0.612
0.462231085586,0.526749500079,-0.123961208078,-1.38901818634,0.0775916486354,1.90631914325,0.154956253162,-0.00924018990758,-0.0711060846406,-0.00167199067584,-0.110134961612,-0.0047951401699,0.0476648837438,-0.00933097816478,0.573987770623,0.818849566014,0.00204311403569,0.0,0.818806137607,-0.573927315544,-0.0120288150483,0.0,-0.00867735809417,0.00857747218801,-0.999925562443,0.0,0.657808338321,0.255888286121,0.303326810387,1.0,-0.01254,-0.0164811428571,0.628
0.462073757447,0.525575912745,-0.123963632271,-1.39084782135,0.0774728033842,1.90698675467,0.154731206728,-0.00482602547579,-0.0699630700543,-0.000899098584011,-0.107025110333,-0.00541915106467,0.0406234685642,-0.0139963222827,0.574000463108,0.818840657098,0.00204781265536,0.0,0.818797336361,-0.573940032306,-0.012021155751,0.0,-0.00866825630341,0.00857705765067,-0.999925644943,0.0,0.657590402593,0.255607743034,0.303339568446,1.0,-0.01288,-0.016928,0.645
0.461907672685,0.524249047057,-0.123972203246,-1.39294305286,0.0773375631829,1.90772818645,0.154439193486,-0.00366760510908,-0.0692556912847,-0.00150856536106,-0.113161830988,-0.00546927490918,0.0346013707955,-0.0180078857028,0.573979289681,0.81885557042,0.00201908673689,0.0,0.818811905065,-0.57391901372,-0.0120323196345,0.0,-0.00869410707766,0.0085597193357,-0.999925569084,0.0,0.657332718204,0.255290769046,0.303339983441,1.0,-0.01326,-0.0174274285714,0.664
0.461758698485,0.523191960019,-0.12396725874,-1.39463799153,0.0772315760591,1.90836804518,0.154212361611,-0.0138806804698,-0.0720895283763,0.00112886906439,-0.116952993605,-0.00510395945043,0.0465449533296,-0.0203942734544,0.573974423837,0.818858982441,0.0020185534447,0.0,0.818815302498,-0.573914143257,-0.0120334311612,0.0,-0.00869537423798,0.00855986897095,-0.999925556784,0.0,0.657132127107,0.255034720527,0.303331705225,1.0,-0.01356,-0.0178217142857,0.679
0.461602724437,0.521947123133,-0.123970692029,-1.39659789823,0.0771185901063,1.90913672028,0.153939572067,-0.00693347712947,-0.0734439215142,0.00142569320598,-0.113620089409,-0.00650196968668,0.0540677305484,-0.0189718228911,0.573955893447,0.818871857079,0.00206420987335,0.0,0.81882876745,-0.573895415853,-0.0120103355738,0.0,-0.0086504517598,0.00858380257601,-0.999925741252,0.0,0.656903315966,0.254747819749,0.303340418271,1.0,-0.0139,-0.0182685714286,0.696
0.461429591057,0.520699162712,-0.123976435638,-1.3986080418,0.0769895588028,1.90988358597,0.153678293147,-0.0124939191024,-0.0768064094173,-0.000494985837606,-0.115924596301,-0.00662015980521,0.035873174969,-0.015532962311,0.573960232495,0.81886886581,0.00204426567371,0.0,0.818825573241,-0.573899895443,-0.0120140550575,0.0,-0.00866489860845,0.00856965183849,-0.999925737542,0.0,0.656663459064,0.254438397181,0.303325248391,1.0,-0.01424,-0.0187154285714,0.713
0.461272264769,0.519456733252,-0.123978646545,-1.40055236016,0.0768655995548,1.91057258982,0.153421078232,-0.00826194842469,-0.0799133070073,-5.26090935066e-05,-0.124131054751,-0.0131735475894,0.0401212871862,-0.0101487335955,0.573949729876,0.818876261609,0.00203043108503,0.0,0.818832774574,-0.573889439104,-0.0120227230382,0.0,-0.00868004665714,0.00856318702697,-0.999925661546,0.0,0.656421661676,0.254146125765,0.303332005621,1.0,-0.01456,-0.019136,0.729
0.461093548898,0.51811962117,-0.123985059799,-1.40266223295,0.076727365559,1.9113340877,0.153139237385,-0.00927379705312,-0.0773416044461,-0.000754174613442,-0.127669547102,-0.0110729434379,0.0468024926801,-0.00946687306485,0.573944267986,0.818880130637,0.00201390047486,0.0,0.818836483494,-0.573884103104,-0.0120248245136,0.0,-0.00869131173553,0.00855079891545,-0.999925669707,0.0,0.656164148397,0.25382161802,0.303332484539,1.0,-0.0149,-0.0195828571429,0.746
0.460902174518,0.516681647816,-0.123985281609,-1.4049209641,0.0765850579874,1.9121624521,0.152820223374,-0.0113703327371,-0.0772847123398,0.000167833599469,-0.128985145276,-0.0134596906281,0.0524617384181,-0.0118325996243,0.573920878253,0.818896514846,0.00201751794081,0.0,0.818852908226,-0.573860694306,-0.0120235236337,0.0,-0.00868841463241,0.00855276634403,-0.999925678058,0.0,0.655888605677,0.253479995057,0.303338057274,1.0,-0.01526,-0.020056,0.764
0.460736125885,0.51546688406,-0.123996463336,-1.40684954254,0.0764702881186,1.91289730956,0.152551161703,-0.00639169415091,-0.0807703834093,-0.00117644079299,-0.13199350356,-0.00692020417001,0.0402488429452,-0.0190521160888,0.5739154244,0.818900299981,0.00203254223889,0.0,0.818856914385,-0.573855201886,-0.0120128236998,0.0,-0.00867108693982,0.00855887086278,-0.999925776236,0.0,0.655660605586,0.253182954877,0.30333608791,1.0,-0.01556,-0.0204502857143,0.779
0.460537625809,0.513995483546,-0.123994923757,-1.40922767001,0.0763261760229,1.91372842176,0.152230922032,-0.00814439906471,-0.077295289461,0.000218660053346,-0.128274654668,-0.0118855940378,0.047032725859,-0.00983762433338,0.573900546142,0.818910881314,0.00196939228964,0.0,0.818866530479,-0.573840457926,-0.0120615509355,0.0,-0.00874738674761,0.00853496442509,-0.999925316015,0.0,0.655357935572,0.252824012661,0.303307640192,1.0,-0.01592,-0.0209234285714,0.797
0.460331231115,0.512498075836,-0.123996333606,-1.41163921772,0.0761798687202,1.91457278277,0.151877479941,-0.0110494349558,-0.0838246572516,0.00357557849659,-0.134057498458,-0.00636415175288,0.0522753098332,-0.0177763673489,0.573867783679,0.818933979048,0.00191094670029,0.0,0.81888873534,-0.573807829837,-0.0121062154118,0.0,-0.00881784475024,0.0085123836236,-0.999924889649,0.0,0.655052438853,0.252455176074,0.303282255755,1.0,-0.01628,-0.0213965714286,0.815
0.460149864181,0.511220328219,-0.123998807911,-1.4136725912,0.0760561347998,1.91535250466,0.15161275118,-0.0112178513372,-0.0880066937319,0.000135336662872,-0.137581263244,-0.00368459285771,0.0432755207664,-0.0128351701341,0.573874367476,0.818929323687,0.00192874588207,0.0,0.818884323169,-0.573814344583,-0.0120958720453,0.0,-0.00879909166909,0.00852109474277,-0.999924980651,0.0,0.654810190994,0.252143343794,0.303276977632,1.0,-0.01658,-0.0217908571429,0.83
0.459943197416,0.509637800218,-0.12400693039,-1.41616254074,0.0759038038619,1.91628633429,0.151257017131,-0.0134616034509,-0.0900209348659,-0.00124087857568,-0.14196095507,-0.0109065326267,0.0501822975719,-0.0204973789668,0.573846773994,0.818948613551,0.00194813776585,0.0,0.818903877526,-0.573786680333,-0.0120843595875,0.0,-0.00877882304785,0.00853007256579,-0.999925082258,0.0,0.654506159696,0.25176740105,0.303280832119,1.0,-0.01694,-0.022264,0.848
0.459740066282,0.50822417861,-0.124005194865,-1.41839180694,0.0757620418911,1.91707493013,0.150942379285,-0.0145057749876,-0.0889991155223,-0.00244264688556,-0.141379388542,-0.00633014036176,0.0571295326549,-0.021235367925,0.573831380321,0.818959457899,0.0019235845991,0.0,0.818914341658,-0.573771338845,-0.0121036626104,0.0,-0.00880888085748,0.00852087649155,-0.999924896321,0.0,0.654226268959,0.251420252418,0.3032771347,1.0,-0.01726,-0.0226845714286,0.864
0.459526749924,0.50669418734,-0.124014073864,-1.42080500094,0.0756112732846,1.91795793158,0.150613411833,-0.0136916749924,-0.0896308344554,-0.00114353734228,-0.144827698059,-0.00712104132216,0.0517635085814,-0.0284725151157,0.573821493794,0.818966378537,0.00192639214204,0.0,0.818921311887,-0.573761453673,-0.0121006660086,0.0,-0.00880491858514,0.0085213498875,-0.999924927184,0.0,0.653947255458,0.251069008766,0.303281641558,1.0,-0.01758,-0.0231051428571,0.88
0.459310783823,0.505075267664,-0.124020376551,-1.42326906042,0.0754584060715,1.91890954491,0.150270857466,-0.0125251341437,-0.0923353520268,0.000663941704524,-0.147702206488,-0.00715505005835,0.0661836027581,-0.0161207332274,0.573813932241,0.818971484619,0.00200635191016,0.0,0.818927530466,-0.573753611219,-0.0120515708058,0.0,-0.008718909047,0.008558580828,-0.999925362874,0.0,0.653634404264,0.25066886254,0.303316701529,1.0,-0.01794,-0.0235782857143,0.898
0.459084278948,0.503408887298,-0.12402216189,-1.42574707908,0.0753002972355,1.91984583058,0.149928180048,-0.0139143839235,-0.096559266965,0.00208364583819,-0.144947001321,-0.00444820210204,0.0497682748389,-0.0187594810354,0.573804623058,0.818977747966,0.00210945384524,0.0,0.818935206564,-0.57374393273,-0.0119905799433,0.0,-0.00860989758091,0.00860792195428,-0.999925883925,0.0,0.653335677323,0.250285752847,0.303382421612,1.0,-0.01828,-0.0240251428571,0.915
0.458863496281,0.50181059646,-0.124033191658,-1.42811078178,0.0751358527163,1.92071275952,0.149589977996,-0.0145089583799,-0.0940611367322,-8.71144786067e-06,-0.147746611176,-0.0125393051168,0.0482067685951,-0.0253108232191,0.573792503263,0.818986041502,0.00218493138212,0.0,0.818944672399,-0.573731693225,-0.0119295699681,0.0,-0.00851675087739,0.00863460197263,-0.999926451597,0.0,0.653048733648,0.249908078864,0.303448621552,1.0,-0.0186,-0.0244457142857,0.931
0.458614483736,0.499993731069,-0.124037074043,-1.43087506192,0.0749685834193,1.92167892113,0.149196867947,-0.0143103630463,-0.097606638384,-0.000308635959126,-0.151279877965,-0.00454550422413,0.0575883161499,-0.0235772008506,0.57377270762,0.818999856517,0.00220497538433,0.0,0.818958616375,-0.573711684448,-0.0119346007456,0.0,-0.0085095799921,0.00865369838456,-0.999926347564,0.0,0.652695322845,0.249477930764,0.303484529885,1.0,-0.01896,-0.0249188571429,0.949
0.458376405129,0.49843175608,-0.124042859521,-1.43334797095,0.0748119325013,1.9226102325,0.148849206139,-0.0126731954066,-0.0883875942847,-0.000693096469425,-0.154510051398,-0.0190499073048,0.0603637583919,-0.0173796913999,0.573770592804,0.819001306142,0.00221681584142,0.0,0.818960261227,-0.573709563652,-0.0119236742511,0.0,-0.00849385986973,0.00865710440013,-0.999926451739,0.0,0.652394480919,0.249084375417,0.303477818828,1.0,-0.01928,-0.0253394285714,0.965
0.458134542234,0.496850691692,-0.12403727843,-1.4358561081,0.0746612965112,1.92350612018,0.148474742715,-0.0105227358656,-0.0936904492561,0.00155245798383,-0.159004889201,-0.0128267570716,0.0542824453355,-0.0226564655434,0.573744226316,0.81901983743,0.00219443999272,0.0,0.81897833684,-0.573683124583,-0.0119542150327,0.0,-0.00853199032818,0.00865602732602,-0.999926136438,0.0,0.652075507452,0.248689828612,0.303463675701,1.0,-0.0196,-0.02576,0.981
0.45786600778,0.49517512977,-0.124040846437,-1.43857327846,0.0744895364087,1.9244497462,0.148089929296,-0.0148024640733,-0.101143756031,-0.00165755440395,-0.156804611708,-0.0102688923301,0.0573941565985,-0.020187769992,0.573741894131,0.819021696192,0.00210878806663,0.0,0.818978968164,-0.573681036685,-0.0120110263653,0.0,-0.00862768557221,0.00861844802402,-0.999925639933,0.0,0.651726555924,0.248249039916,0.303419778644,1.0,-0.01994,-0.0262068571429,0.998
0.457579390285,0.493261954898,-0.124078456619,-1.44163041757,0.0743007068723,1.92555464786,0.147664362935,-0.013262503653,-0.11630598356,-0.00779154303974,-0.185363930031,-0.0104333471333,0.0683471537666,-0.0216347777554,0.573757709898,0.819010724443,0.00206651399232,0.0,0.818967508674,-0.57369709257,-0.0120254985353,0.0,-0.00866362599967,0.00859229574424,-0.999925554248,0.0,0.651345245058,0.247747602324,0.303393840564,1.0,-0.0241285714286,-0.0317118367347,1.016
0.457309503843,0.491334432464,-0.124096577769,-1.4446478311,0.0741115599343,1.92668547652,0.147221657793,-0.0213299613426,-0.13314517983,0.00237878751147,-0.215111617139,-0.0116841103355,0.084147520612,-0.0288528643371,0.573729173917,0.819030642866,0.00209474205602,0.0,0.818987861998,-0.573668507232,-0.0120030250554,0.0,-0.00862932392038,0.00860221958682,-0.999925765538,0.0,0.650969059477,0.247275172676,0.30339750506,1.0,-0.0282771428571,-0.037164244898,1.031
0.456893041493,0.488660988048,-0.124111092665,-1.44898556323,0.0738722279836,1.92823941482,0.146599321439,-0.0276035991835,-0.158616605636,-0.00130757786649,-0.25137823878,-0.014147621849,0.0902142314297,-0.0274949827055,0.573722714715,0.819035372338,0.00201305249478,0.0,0.818991130988,-0.573662008433,-0.0120902582301,0.0,-0.00874770583436,0.0085852932063,-0.99992488237,0.0,0.650411272577,0.246583695291,0.303327235387,1.0,-0.0332554285714,-0.0437071346939,1.049
0.456420724813,0.485614938226,-0.124151421983,-1.45364310307,0.0735804809414,1.93002106918,0.145905115517,-0.0291910917653,-0.187076078418,-0.00245551091382,-0.281586352456,-0.0166865001389,0.109678357238,-0.0444999710917,0.573721862112,0.819035632807,0.0021456997783,0.0,0.818993349822,-0.573660816131,-0.0119961612063,0.0,-0.00859454507052,0.00863994014025,-0.999925739857,0.0,0.649849588562,0.245814998648,0.30338189085,1.0,-0.0379571428571,-0.0498865306122,1.066
0.455908932204,0.482429308163,-0.124205408486,-1.45860315838,0.0732818355999,1.93174985943,0.145132031171,-0.033987936701,-0.206171191141,-0.00504699194853,-0.324237158644,-0.0163102216289,0.117477458058,-0.0547870998623,0.573709305528,0.819044532279,0.00210565781242,0.0,0.819001611014,-0.573648313266,-0.0120299935221,0.0,-0.00864535981519,0.00862642245506,-0.999925418513,0.0,0.649215841161,0.244974768585,0.303383184831,1.0,-0.0423822857143,-0.0557024326531,1.082
0.455303711875,0.478646738579,-0.124278542332,-1.46451808526,0.0729248095652,1.93384608866,0.144257352624,-0.0412439694312,-0.23059621907,-0.00055639939815,-0.355208339853,-0.0298952177035,0.128953306876,-0.0547760423908,0.573733034286,0.819028004076,0.00206901169473,0.0,0.818984554027,-0.573672144812,-0.0120547680331,0.0,-0.00868642546582,0.00861087304733,-0.999925196641,0.0,0.648461625573,0.243973564703,0.303373647429,1.0,-0.047084,-0.0618818285714,1.099
0.454571838148,0.474186139736,-0.124327509423,-1.47133278326,0.0725209987386,1.93635527936,0.143286668833,-0.0475626112004,-0.252757275771,-0.00277770057489,-0.398927419647,-0.0219587641134,0.135306168283,-0.0529346499224,0.573793128931,0.818985551059,0.00220437040093,0.0,0.818943757847,-0.573731551782,-0.0119989530683,0.0,-0.00856241719299,0.00869033952073,-0.999925578736,0.0,0.647606764303,0.242828008307,0.303436298519,1.0,-0.0520622857143,-0.0684247183673,1.117
0.453903488901,0.470178014365,-0.124354496961,-1.4774897838,0.0721454947912,1.93853511805,0.142352074755,-0.046448716469,-0.276287296921,-0.000731640005036,-0.419895098271,-0.0246253389118,0.1482952417,-0.0674426778454,0.573786979331,0.818989771559,0.00223681305785,0.0,0.818948153864,-0.573725016481,-0.0120113966296,0.0,-0.00855406006547,0.00872398487765,-0.999925357286,0.0,0.646807679573,0.241791919235,0.303465668291,1.0,-0.0562108571429,-0.0738771265306,1.132
0.453035669487,0.464932351513,-0.1243876304,-1.48540244166,0.0716292359033,1.94146829692,0.141086095588,-0.0514018548019,-0.303031326054,5.8553817281e-05,-0.465098011254,-0.0283723846458,0.160142421887,-0.0709982700627,0.573718642868,0.819037034444,0.00244988482114,0.0,0.818998394577,-0.573656042939,-0.0118794352426,0.0,-0.00832446645159,0.00882207505311,-0.999926434419,0.0,0.645803331872,0.24046148249,0.303574117081,1.0,-0.0611891428571,-0.0804200163265,1.15
0.452111705132,0.459618572249,-0.124417596412,-1.49361581655,0.0710924420595,1.94426602246,0.139872187297,-0.0548799254089,-0.326202194359,-0.00322803468824,-0.48817205922,-0.030343985187,0.168052945432,-0.0678430783413,0.573738922531,0.819023094962,0.00235915076539,0.0,0.818983000258,-0.573676391656,-0.0119578362059,0.0,-0.00844051742609,0.00879294972402,-0.999925718091,0.0,0.644700614526,0.239052222644,0.303568378982,1.0,-0.0658908571429,-0.0865994122449,1.167
0.451192554797,0.454346507396,-0.124465429556,-1.50179294441,0.070535868237,1.94712915238,0.138597729614,-0.0551158750099,-0.334727940669,-0.00246302684681,-0.519146030232,-0.0368334328453,0.184670619935,-0.0823006507278,0.573706573016,0.819045921408,0.00230078354333,0.0,0.819005151007,-0.57364437086,-0.0119768654302,0.0,-0.0084899347112,0.00875572856967,-0.999925626347,0.0,0.643610842477,0.237642362312,0.303550832724,1.0,-0.070316,-0.0924153142857,1.183
0.450131183266,0.448272392558,-0.124503702511,-1.51074753713,0.0699369942479,1.95054396767,0.137170163797,-0.0618998115907,-0.35619101212,-0.00799976775237,-0.537993167366,-0.0307669781609,0.199785282525,-0.085517359339,0.573678190055,0.819064474033,0.0027328617691,0.0,0.819029825559,-0.573614889963,-0.0116982801237,0.0,-0.00801418975164,0.00894951577206,-0.999927836861,0.0,0.642477256481,0.236097201876,0.303752874731,1.0,-0.0750177142857,-0.0985947102041,1.2
0.448985784266,0.441999200946,-0.124537185028,-1.52047091048,0.0692895330149,1.95384624379,0.135680516621,-0.0733596130748,-0.382596314779,-0.00430811670346,-0.589686283138,-0.0383955752016,0.195677543972,-0.0930906621416,0.573677260221,0.819065554505,0.00260104391348,0.0,0.819028857357,-0.573614066051,-0.0118059707688,0.0,-0.00817802607139,0.00890331840577,-0.999926922735,0.0,0.64113648622,0.234402125133,0.303707659369,1.0,-0.0797194285714,-0.104774106122,1.217
0.447838763365,0.435751740753,-0.124552539226,-1.53012537817,0.0686315349574,1.95710008069,0.134124496687,-0.0740071047219,-0.405719072079,0.00122492626352,-0.608836002957,-0.0353854048713,0.207140192354,-0.101652458396,0.573596007081,0.819122880511,0.00246458635679,0.0,0.819084043087,-0.573532953151,-0.0119175883561,0.0,-0.00834860854807,0.00885475493423,-0.999925944283,0.0,0.639783138698,0.232722978483,0.303663497984,1.0,-0.0841445714286,-0.110590008163,1.233
0.446495031394,0.428762153125,-0.124578703798,-1.54064149775,0.0678815176987,1.9609104476,0.132419507905,-0.0834956802832,-0.411991822659,-0.000516351096326,-0.637875797994,-0.048296508168,0.223887467885,-0.0985339381027,0.573566143797,0.81914314874,0.00266973112345,0.0,0.819107407768,-0.573502781124,-0.0117627158096,0.0,-0.0081044058768,0.00893366408818,-0.999927251479,0.0,0.638374043722,0.230845967913,0.303752798653,1.0,-0.0888462857143,-0.116769404082,1.25
0.444960526398,0.421079502272,-0.124690273862,-1.55248050619,0.0670272129851,1.96484638858,0.130445509788,-0.0886340866364,-0.433631154438,-0.0108385769134,-0.666432343311,-0.0513210688357,0.219103678088,-0.109012400914,0.573551570315,0.819154074502,0.00243830224368,0.0,0.819115460768,-0.573489223889,-0.0118625004152,0.0,-0.00831903565475,0.00880117625672,-0.999926663782,0.0,0.63671072699,0.228649554782,0.303685336683,1.0,-0.0938245714286,-0.123312293878,1.268
0.443606749442,0.414304004835,-0.124790942974,-1.56256329629,0.0663166113436,1.96846854039,0.128841766367,-0.0937667565302,-0.456714201848,-0.00528869235551,-0.676179194977,-0.0476744547554,0.248188847934,-0.106587764124,0.573643510664,0.819088978431,0.00266739332794,0.0,0.81905386112,-0.573580868357,-0.0116836185001,0.0,-0.00804011215742,0.00888714184306,-0.999928185074,0.0,0.635345629433,0.226772744848,0.303796341219,1.0,-0.0979731428571,-0.128764702041,1.283
0.441834317546,0.405954755381,-0.124830045481,-1.57530177511,0.0654621130487,1.9727320623,0.126685353324,-0.0993408142625,-0.47361659602,-0.00470647636001,-0.72512941104,-0.0506814276584,0.241079139782,-0.117213699047,0.573639197158,0.819092305357,0.00257170937913,0.0,0.819055231931,-0.573576122971,-0.0118196913979,0.0,-0.00820650518127,0.00888678140421,-0.999926836518,0.0,0.633519169967,0.224405328318,0.303749963216,1.0,-0.102951428571,-0.135307591837,1.301
0.440043485878,0.397693265568,-0.124949690166,-1.58759922538,0.0645974672501,1.97699938705,0.124597922426,-0.106334260039,-0.50248667294,-0.00709034994649,-0.723581663512,-0.0516019231778,0.265828198965,-0.13401889768,0.573733203911,0.819025919207,0.00273884976363,0.0,0.818991257675,-0.573669774248,-0.0117071289037,0.0,-0.00801740104581,0.00896003509544,-0.999927716913,0.0,0.631800579117,0.222033962253,0.303838435708,1.0,-0.107653142857,-0.141486987755,1.318
0.438276985135,0.389735752951,-0.124994597082,-1.59959235179,0.0636837464967,1.981076694,0.122565043013,-0.112328058138,-0.51003361043,-0.0022472355232,-0.780356772229,-0.051686646817,0.244964346314,-0.126857887273,0.573754641239,0.819010944935,0.00272591884894,0.0,0.818976412594,-0.573691585922,-0.0116767614999,0.0,-0.00799971278155,0.00893223131828,-0.999928107335,0.0,0.630070650134,0.219741472152,0.303832984702,1.0,-0.112078285714,-0.147302889796,1.334
0.436182029171,0.380384886057,-0.125057526619,-1.61357304676,0.0626363943513,1.98567489823,0.120049729827,-0.122002833332,-0.538228289404,-0.00100600580621,-0.791224624945,-0.0566694033079,0.264890686693,-0.140454532008,0.573687795994,0.819057963884,0.00266672591826,0.0,0.819022590605,-0.573624877197,-0.0117150860584,0.0,-0.00806578949778,0.00890508212116,-0.999927818671,0.0,0.628000536865,0.217044232826,0.303842998882,1.0,-0.117056571429,-0.153845779592,1.352
0.434196613667,0.371881335508,-0.125102151492,-1.62633531539,0.0616932540728,1.98994877135,0.117780450361,-0.132264231685,-0.539176216582,-0.00143955764861,-0.782738220063,-0.0562795731536,0.261495613196,-0.138415304389,0.573690026272,0.819056431636,0.00265752771255,0.0,0.81902078552,-0.573626970982,-0.0117387371303,0.0,-0.00809041433935,0.00891113841438,-0.999927565781,0.0,0.626106574054,0.214559571605,0.303818121144,1.0,-0.121481714286,-0.159661681633,1.368
0.432083124847,0.363057143201,-0.12523011031,-1.6393574301,0.0606706513845,1.99421976652,0.115484750359,-0.133870138766,-0.563793812258,-0.00585369212811,-0.790465816339,-0.0575587447019,0.280635048847,-0.15531464272,0.573808410253,0.81897349245,0.00265967815539,0.0,0.818938333843,-0.573745839088,-0.0116817974815,0.0,-0.00804125802569,0.00888139703331,-0.999928226902,0.0,0.624166817225,0.211918072985,0.303864909161,1.0,-0.125906857143,-0.165477583673,1.384
0.429589241973,0.352896347242,-0.125318965307,-1.65454202404,0.0595380799821,1.99909679041,0.112663668859,-0.139940789136,-0.577730531849,-0.00372221593831,-0.874896034972,-0.0633873985593,0.268827684366,-0.157808280016,0.573809242891,0.818973347226,0.00252115215764,0.0,0.818935885214,-0.573746626687,-0.0118140245116,0.0,-0.00822902708689,0.00884382870555,-0.999927032241,0.0,0.621831858568,0.208870215746,0.303800172645,1.0,-0.130885142857,-0.172020473469,1.402
