position_joint1,position_joint2,position_joint3,position_joint4,position_joint5,position_joint6,position_joint7,velocity_joint1,velocity_joint2,velocity_joint3,velocity_joint4,velocity_joint5,velocity_joint6,velocity_joint7,ee_T_00,ee_T_10,ee_T_20,ee_T_30,ee_T_01,ee_T_11,ee_T_21,ee_T_31,ee_T_02,ee_T_12,ee_T_22,ee_T_32,ee_T_03,ee_T_13,ee_T_23,ee_T_33,v_x,v_y,time
0.465061682672,0.547640892957,-0.12396898191,-1.35574410926,0.0794667793751,1.89408744462,0.159170821549,0.000755894533182,-0.00216387059507,-0.00119188980336,0.00106369230284,0.00305834960149,0.00025745764941,0.00243326387886,0.573797452057,0.818982753712,0.00211660984507,0.0,0.818942058427,-0.573738492556,-0.0117810865061,0.0,-0.0084342885128,0.00849350176928,-0.999928359036,0.0,0.661699086773,0.260900002289,0.303354228768,1.0,0.0,0.0,0.0
0.465059457361,0.547645418194,-0.123963995547,-1.35574939897,0.0794667399466,1.89408756383,0.15916186398,-4.82694757974e-05,-0.0022742676326,0.000122369309176,-0.000756129762472,0.00037637010148,0.000128790450245,-0.00838350168089,0.573788743006,0.818988873265,0.00210968477917,0.0,0.818948056956,-0.573729780409,-0.0117883832937,0.0,-0.00844432834574,0.00849192737878,-0.999928287673,0.0,0.661697215218,0.260900728286,0.303348350318,1.0,-0.00018,-0.000236571428571,0.01
0.465051306905,0.547642174197,-0.123966755556,-1.35574791371,0.0794646615617,1.89408685176,0.159166128999,-0.00141495992585,-0.00337809283673,-0.000206367828558,0.000133410481482,-0.000452689887913,-0.00011273086137,-0.00172831041349,0.573800196674,0.818980844455,0.00211130629849,0.0,0.81894008338,-0.573741260696,-0.0117835694631,0.0,-0.00843933661556,0.00849061130216,-0.999928340991,0.0,0.661700376673,0.260893572157,0.303351381063,1.0,-0.0004,-0.000525714285714,0.021
0.465056648338,0.547640458988,-0.123966630211,-1.35577542236,0.0794685139889,1.89409042335,0.159172895607,-0.00157763074509,0.00168201254667,0.000351083222545,-0.00452279782532,0.00206938655814,0.000293592947834,0.00114976767704,0.573799518123,0.818981358731,0.00209617614088,0.0,0.818940357716,-0.573740598037,-0.0117967609601,0.0,-0.00845882882576,0.00848578237059,-0.99992821728,0.0,0.661694227104,0.260894374813,0.303341692126,1.0,-0.00076,-0.000998857142857,0.039
0.465053079789,0.547584224211,-0.123967239369,-1.35583148163,0.0794634212273,1.89410296455,0.159173487974,-0.000191879853699,-0.00691882945048,-0.000856534577822,-0.00779645868563,0.000377529101977,0.000741699944384,0.00153246449561,0.573809352517,0.818974444047,0.00210567395902,0.0,0.818933559659,-0.573750387079,-0.0117925863185,0.0,-0.00844985826098,0.00849126687386,-0.999928246567,0.0,0.661685681767,0.260886198349,0.303354069958,1.0,-0.0011,-0.00144571428571,0.056
0.465049678838,0.547469326483,-0.123964603696,-1.3560019153,0.0794625579825,1.89413650481,0.159166824015,-0.00211725629235,-0.00477663469631,0.000195237169648,-0.00996283224399,8.87210564254e-05,0.00566105010574,-0.00032188208763,0.573813943405,0.818971257607,0.00209391255172,0.0,0.818930083677,-0.573754886602,-0.0118150349186,0.0,-0.0084749446162,0.00849456330595,-0.999928006262,0.0,0.661656662016,0.260868885695,0.303357163842,1.0,-0.00144,-0.00189257142857,0.073
0.465031928305,0.547297093835,-0.123967141178,-1.35623009081,0.0794590843786,1.89421525879,0.159155382249,-7.43022423596e-05,-0.00697075801591,-0.00246324115843,-0.00411040272274,0.000212111172285,0.00690022732469,-0.000563919782738,0.57383265408,0.818958082968,0.00211904574787,0.0,0.818917150259,-0.573773409798,-0.011811948311,0.0,-0.00845780127953,0.00851356846686,-0.999927989782,0.0,0.661630011489,0.260835639363,0.303377478532,1.0,-0.00182,-0.002392,0.092
0.465023334942,0.547137801524,-0.123961579952,-1.35643238824,0.0794570322458,1.8943185786,0.159146036928,0.000770948483994,-0.00844397739967,5.92427345222e-05,-0.0176384803298,4.67592744343e-05,0.00277940886703,-0.000725574391887,0.573839072944,0.818953433958,0.00217675722096,0.0,0.818913172238,-0.573779521937,-0.0117908202274,0.0,-0.00840731586366,0.0085487730999,-0.999928115176,0.0,0.661609519959,0.260817946072,0.303402808334,1.0,-0.00212,-0.00278628571429,0.107
0.465010254757,0.54693915125,-0.12395940146,-1.35666217552,0.0794541788992,1.89444813392,0.159126735692,-0.00312139911024,-0.0132275124439,0.00128376112701,-0.0159119528702,0.000132447716947,0.00436642553816,-0.00437986181738,0.573844763588,0.818949202854,0.00226657204931,0.0,0.818910061825,-0.573784820045,-0.0117489500869,0.0,-0.0083214288859,0.00859835768708,-0.999928408471,0.0,0.661590981865,0.260794236874,0.303445315278,1.0,-0.00246,-0.00323314285714,0.124
0.464989984626,0.546714738169,-0.123961583527,-1.35696108991,0.0794454779777,1.89457331974,0.159113619151,-0.000162856315173,-0.0134688841119,1.30799474951e-06,-0.0186615918128,0.000127092701233,0.00836604195898,0.000595410384607,0.573866601441,0.818933767144,0.00231423508782,0.0,0.818895196176,-0.573806425168,-0.0117299197074,0.0,-0.00827826375373,0.00862669124441,-0.999928522719,0.0,0.661559585374,0.260754126548,0.303472908139,1.0,-0.00278,-0.00365371428571,0.14
0.464957999473,0.546470261099,-0.123959415928,-1.35732094542,0.0794331316947,1.89470586048,0.159013377014,0.000190836581157,-0.0135988486519,0.00104952676749,-0.0268491422208,-0.000169160095374,0.00968818012224,-0.00587725163799,0.573826018701,0.818962143772,0.00233542952598,0.0,0.818923748779,-0.57376566476,-0.0117304104796,0.0,-0.00826693200327,0.00864391986789,-0.999928467684,0.0,0.661518444913,0.260701717661,0.303486178127,1.0,-0.0031,-0.00407428571429,0.156
0.46491118878,0.546144043585,-0.123964375415,-1.35781701657,0.07941910578,1.89488142178,0.158947638924,-0.00269037681623,-0.0163949976072,-0.0013432909852,-0.0314847737737,0.000153832163267,0.00376945069351,-0.0039391153461,0.57383794278,0.818953752245,0.00234819303265,0.0,0.818915395528,-0.573777406333,-0.0117392440175,0.0,-0.00826671698877,0.00865956178633,-0.999928334122,0.0,0.661462347936,0.260622928448,0.303496447345,1.0,-0.00348,-0.00457371428571,0.175
0.464872960967,0.545863936629,-0.123963710528,-1.35826008611,0.0793952637256,1.89504151053,0.158918319428,-0.00221123644639,-0.0198601751288,0.000253204422888,-0.031464829839,-0.00421743378827,0.0148334110876,-0.00223270026844,0.573863199841,0.818936057508,0.00234701560292,0.0,0.818897650993,-0.573802628513,-0.0117442586235,0.0,-0.0082712323802,0.00866173016264,-0.999928278001,0.0,0.661411097579,0.260556119105,0.303497725383,1.0,-0.00378,-0.004968,0.19
0.464805766608,0.54548199176,-0.123967205815,-1.35890280301,0.0792873104018,1.8952583879,0.15881594642,-0.00581291588114,-0.0170891052302,-0.000759308200053,-0.03726576815,-0.00373520650751,0.0162699644929,-0.00540121786268,0.573843998955,0.818949727671,0.00227053142458,0.0,0.818910914556,-0.573784326574,-0.0117135605396,0.0,-0.00829018148122,0.00858128460379,-0.999928814689,0.0,0.661341177621,0.260435613419,0.303480966883,1.0,-0.00416,-0.00546742857143,0.209
0.464752489423,0.545157954238,-0.123967520999,-1.35944739056,0.079271896241,1.89544128894,0.158734297529,-0.00297947656922,-0.0216766574729,-0.000646848477501,-0.0365497833927,-0.000545742180693,0.0063759423347,-0.00399262909197,0.573847221843,0.818947531614,0.00224796527405,0.0,0.818908242603,-0.573787445158,-0.0117475477413,0.0,-0.00833093137011,0.00858234016348,-0.999928466951,0.0,0.661275890829,0.26034972716,0.303467010165,1.0,-0.00444,-0.00583542857143,0.223
0.464677257756,0.544740382143,-0.123967560089,-1.36013665225,0.0792550439595,1.89566926713,0.158686959257,-0.00833452487923,-0.0236852929982,-0.00135070897831,-0.0396458807488,-0.00114223490828,0.0140494305829,-0.00254703987495,0.573903940535,0.818907850534,0.00222402184368,0.0,0.81886799344,-0.573843984415,-0.0117914278993,0.0,-0.00838001266073,0.00858849259552,-0.999928004,0.0,0.661194478767,0.260236369567,0.303454274854,1.0,-0.00478,-0.00628228571429,0.24
0.464605768814,0.544253612475,-0.123970804277,-1.36094901378,0.0792225139994,1.89595676987,0.158559529384,-0.000279547742559,-0.0240345790081,-0.000525880848349,-0.0452167762218,-0.00357096402071,0.0219578618845,-0.0124727673758,0.573897029956,0.818912760099,0.00219937632057,0.0,0.818872422783,-0.573837007157,-0.0118233380631,0.0,-0.00842036099948,0.00858655253255,-0.999927681703,0.0,0.661099001594,0.260111436047,0.303437127064,1.0,-0.00516,-0.00678171428571,0.259
0.46452081826,0.543791376265,-0.123971175595,-1.36169984004,0.0791835680606,1.89622579408,0.158461215204,-0.00345062246052,-0.0264684025935,0.00110729966812,-0.0482654234833,0.000421160677305,0.0150451698668,-0.00247101831738,0.573917796281,0.818898243336,0.00218565188325,0.0,0.818857653662,-0.57385774962,-0.0118394739011,0.0,-0.00844123362838,0.00858478782705,-0.99992752087,0.0,0.661016439649,0.259983965429,0.303430145225,1.0,-0.00548,-0.00720228571429,0.275
0.464438237833,0.543282739833,-0.123976462764,-1.36254089561,0.0791343596425,1.8965151451,0.158366244005,-0.00405885893259,-0.0296117362521,-0.000324735501383,-0.0486297022926,-0.00147764991115,0.0240839685186,-0.00437150089913,0.573944982342,0.818879289014,0.00214806171302,0.0,0.818838184206,-0.573885055005,-0.011862488338,0.0,-0.00848136879446,0.00856749556319,-0.999927329561,0.0,0.660919354699,0.259844837984,0.303414905251,1.0,-0.00582,-0.00764914285714,0.292
0.464356029709,0.542735589013,-0.123983426241,-1.36342969728,0.0790848189226,1.89683140451,0.158257325701,-0.00476544939248,-0.0343620435854,-0.000164892515344,-0.0513148256905,0.000121530444935,0.0201967364424,-0.0140857069201,0.573964183718,0.818865887034,0.00212644360036,0.0,0.818824472219,-0.573904311704,-0.0118773567393,0.0,-0.00850575087319,0.00855852620253,-0.999927199266,0.0,0.660817830432,0.259701605646,0.303406516311,1.0,-0.00616,-0.008096,0.309
0.464291063314,0.542178659986,-0.123986645705,-1.36429436439,0.0790376349323,1.89714437463,0.158150576078,-0.0050327480776,-0.0375505731992,0.000557302337728,-0.0511833837346,-0.00172284721651,0.0132316676134,-0.00540664554949,0.573967645407,0.818863444023,0.00213283147463,0.0,0.818822066564,-0.573907701183,-0.0118794247157,0.0,-0.0085037419505,0.00856497981097,-0.999927161094,0.0,0.660715869901,0.259575097102,0.303416054752,1.0,-0.00648,-0.00851657142857,0.325
0.464211450571,0.541557375964,-0.123990272653,-1.36525988895,0.078969608223,1.89750247325,0.158008681455,-0.00225559115744,-0.0424948263085,-0.00154804804022,-0.0532962520026,-0.00292849288515,0.0195802174789,-0.00779079315327,0.573954637747,0.818872547316,0.00213821499494,0.0,0.818831336263,-0.573894770647,-0.0118651539707,0.0,-0.00848910189364,0.00856106241754,-0.999927319038,0.0,0.66060626544,0.259427246511,0.303426916587,1.0,-0.00682,-0.00896342857143,0.342
0.46413592002,0.540908924038,-0.123990753491,-1.36628403859,0.0789136333087,1.89787596972,0.157870711178,-0.0046584898398,-0.0465685840455,0.0011746252099,-0.0598018543214,-0.00473112836555,0.0197306658832,0.000776406677852,0.573954524654,0.818872605364,0.00214632584179,0.0,0.818831447277,-0.573894572071,-0.0118670973364,0.0,-0.00848603954603,0.0085688182824,-0.999927278599,0.0,0.660478500612,0.259273145984,0.30343545756,1.0,-0.00718,-0.00943657142857,0.36
0.464053784995,0.540134476735,-0.123992420089,-1.36747364586,0.0788456735628,1.89831622502,0.15772543374,-0.00587963461004,-0.042898653617,-0.000189783530472,-0.0670196219897,-0.00115301932736,0.0273866527394,-0.00821143617299,0.573942858373,0.818880741004,0.0021619984526,0.0,0.818839733876,-0.573882791078,-0.0118650423984,0.0,-0.00847548418425,0.00858035178476,-0.999927269221,0.0,0.660343205952,0.259112946714,0.30344959989,1.0,-0.00754,-0.00990971428571,0.378
0.463966982537,0.539484671205,-0.123985334914,-1.36848783141,0.0787905546155,1.89869789572,0.157607120684,-0.00416640109984,-0.0444455929666,0.000938655164828,-0.0708841281474,-0.0098329597476,0.0243779270465,-0.00794069273887,0.573953502382,0.818873230203,0.00218102318713,0.0,0.818832381235,-0.573893267309,-0.0118657524061,0.0,-0.00846503545678,0.00859644806998,-0.999927219479,0.0,0.660225960256,0.25896486777,0.30345889079,1.0,-0.00784,-0.010304,0.393
0.463866440101,0.538649106409,-0.123987816597,-1.36978569772,0.0787122425335,1.89919786658,0.157437298621,-0.00431198679474,-0.0457702799885,0.00213838293154,-0.0683323231826,-0.00508793507572,0.0286333448869,-0.0116459681574,0.573949397891,0.81887602573,0.00221134490778,0.0,0.818835597535,-0.573889069979,-0.0118467915075,0.0,-0.00843214921975,0.00861035255753,-0.999927377707,0.0,0.660078416734,0.258775220613,0.303474835266,1.0,-0.00822,-0.0108034285714,0.412
0.463780653371,0.538003031198,-0.12399803589,-1.37078174995,0.0786546523759,1.8995866312,0.157311203436,-0.0112186758502,-0.0449275896448,-0.0010821634057,-0.0698212901836,-0.000583203278708,0.0304303335266,-0.0093423095259,0.573963239869,0.818866239637,0.00224226762187,0.0,0.818826260691,-0.573902837224,-0.0118251904949,0.0,-0.00839656718348,0.00862341828832,-0.999927564535,0.0,0.659970117901,0.258619977361,0.30349108407,1.0,-0.0085,-0.0111714285714,0.426
0.463662478527,0.537142896944,-0.123994258736,-1.37212474662,0.0785839286055,1.90008807408,0.157149036097,-0.009238702398,-0.0466413364596,-0.000307015495055,-0.078352535496,-0.00866610681576,0.0365012324518,-0.00933556147862,0.573979671267,0.818854662611,0.00226393306967,0.0,0.818814848965,-0.573919062397,-0.0118279260016,0.0,-0.00838619947109,0.00864289749525,-0.999927483361,0.0,0.659815236649,0.258418639772,0.303502556247,1.0,-0.00886,-0.0116445714286,0.444
0.463567393555,0.536447597591,-0.123999509854,-1.37317752469,0.0785206280394,1.90049132245,0.15701868576,-0.00388799084457,-0.0470872512876,1.06788074281e-05,-0.0716886628283,-0.00435705833038,0.0302555930245,-0.0112564296679,0.573995507088,0.818843457875,0.0023013561921,0.0,0.818804166061,-0.57393478799,-0.0118043922383,0.0,-0.00834528165282,0.00866019488194,-0.999927676034,0.0,0.659699135165,0.258254139007,0.30352741499,1.0,-0.00914,-0.0120125714286,0.458
0.463454480262,0.535588165517,-0.124002691831,-1.37454259015,0.0784305726629,1.90098618807,0.156855943679,-0.00479230872077,-0.0498300768574,0.000111400973967,-0.0772657156848,-0.00460857185195,0.0309434559633,-0.0149192711031,0.574007755767,0.818834912932,0.00228660962601,0.0,0.818795481343,-0.573947145687,-0.0118059557165,0.0,-0.00835489651066,0.00864914229766,-0.999927691407,0.0,0.659538534553,0.258046073475,0.303527213053,1.0,-0.00948,-0.0124594285714,0.475
0.463321595123,0.534684838507,-0.124008172755,-1.37598024746,0.078360043106,1.90151582577,0.156673287042,-0.0103517016637,-0.0544872607525,-0.00179817160314,-0.0889706767782,-0.00644013649458,0.0382522268599,-0.0130238237399,0.574030861556,0.818818707362,0.00228940091988,0.0,0.81877917423,-0.573970095121,-0.0118211951659,0.0,-0.00836552914383,0.00866041138012,-0.999927504971,0.0,0.659373424641,0.257820983764,0.303526397342,1.0,-0.00982,-0.0129062857143,0.492
0.463190723793,0.533776435324,-0.124011586883,-1.37745852932,0.0782682378186,1.90205114597,0.156490032441,-0.0121771051549,-0.0567536281095,-0.00221203082334,-0.0841390460561,-0.00628874060046,0.0334661886446,-0.00942377197849,0.574046684574,0.818807705381,0.00225664335119,0.0,0.818767746043,-0.573986043349,-0.0118383690109,0.0,-0.00839822766878,0.00864360968802,-0.999927376255,0.0,0.659199946508,0.257590646524,0.303510040259,1.0,-0.01016,-0.0133531428571,0.509
0.463064047326,0.532911636466,-0.124014816117,-1.37885215027,0.0781914070063,1.90258541898,0.156318226039,-0.00669339855878,-0.0522577450028,0.000811973759001,-0.0846510661636,0.000782074750037,0.0351952280072,-0.00610218441726,0.574071585524,0.818790256367,0.00225336947513,0.0,0.818750185357,-0.574010882925,-0.0118485088503,0.0,-0.00840814688001,0.00864700541888,-0.999927263536,0.0,0.659029705529,0.25735833197,0.303497339652,1.0,-0.0105,-0.0138,0.526
0.462916149302,0.531892723493,-0.124024504569,-1.38050538747,0.0780964843128,1.90320003848,0.156108036575,-0.00910683325596,-0.0613612309409,-8.16819003431e-05,-0.0906347805539,-0.00360288323981,0.0332042764998,-0.00797571817644,0.57408842664,0.818778473145,0.00224437373326,0.0,0.818738292172,-0.574027764522,-0.0118524845587,0.0,-0.00841638841467,0.00864209531657,-0.99992723665,0.0,0.65885220272,0.257115410032,0.303487978636,1.0,-0.01084,-0.0142468571429,0.543
0.462776277071,0.530843654715,-0.124025092718,-1.38221592755,0.0779936136631,1.90380464849,0.155888336283,-0.00798084530432,-0.0634391251485,-0.00264127588806,-0.098065366582,0.00116848170892,0.029452850145,-0.014025409966,0.574088885995,0.818778283427,0.00219555612921,0.0,0.818737394905,-0.574028343539,-0.0118863745253,0.0,-0.00847215699729,0.00862158540759,-0.999926942742,0.0,0.658643131274,0.25685805646,0.303465547741,1.0,-0.0112,-0.01472,0.561
0.462642899228,0.52987394889,-0.124031150444,-1.38378035152,0.0778993244375,1.90435929419,0.155700209102,-0.0100347016182,-0.0602970491067,0.000995749943648,-0.097805376663,-0.00861341092934,0.0257608648203,-0.0145335468704,0.574107902501,0.81876504492,0.00215972327315,0.0,0.818723657002,-0.574047468462,-0.0119090015899,0.0,-0.00851105440832,0.00860543414121,-0.999926751545,0.0,0.658454749782,0.2566161286,0.303452359196,1.0,-0.01152,-0.0151405714286,0.577
0.462497090014,0.528834574203,-0.124034556421,-1.38543354908,0.0777811605698,1.90497447245,0.155458687185,-0.00322751030221,-0.0582431523394,0.000328091756948,-0.0932064029079,-0.00832485222902,0.0317690664101,-0.0144582489671,0.574089810136,0.818777758331,0.00214924657734,0.0,0.818736389653,-0.574029577952,-0.0118959991556,0.0,-0.00850661219465,0.00858920364859,-0.999926928895,0.0,0.65826298787,0.256358214601,0.30345088976,1.0,-0.01186,-0.0155874285714,0.594
0.462373576931,0.527864998899,-0.124027254223,-1.38695641763,0.0776921841571,1.90556604651,0.155248278274,-0.00888121043889,-0.0626951775354,0.0013585664409,-0.102124265049,-0.0114913456717,0.0387518515674,-0.0173434871639,0.574073048652,0.818789380298,0.00219827751513,0.0,0.81874864988,-0.574012622227,-0.0118703304883,0.0,-0.00845762433906,0.00861443941414,-0.999927127357,0.0,0.658077228493,0.256120780213,0.303470494805,1.0,-0.01218,-0.016008,0.61
0.4622212462,0.526624722849,-0.124034753735,-1.38882711825,0.0775831663783,1.90627159156,0.154994853763,-0.0100390149718,-0.06980767209,-0.00221063090278,-0.103788072485,-0.00434795595805,0.0373020606858,-0.0176344086872,0.574066451663,0.818793869185,0.00224850214311,0.0,0.818753742515,-0.574005776683,-0.0118500782183,0.0,-0.00841228013792,0.00864386832067,-0.999927255896,0.0,0.65786672458,0.255858752389,0.303503591957,1.0,-0.01252,-0.0164548571429,0.627
0.462067863876,0.525384395325,-0.124035467057,-1.39077505108,0.0774560824989,1.90698043739,0.154734801389,-0.0151895497997,-0.0681742224999,0.000703232019141,-0.108511623088,-0.00115970158902,0.0390909196512,-0.0134860621979,0.574050231389,0.818805252698,0.00224430329427,0.0,0.818765107621,-0.573989612126,-0.0118478105744,0.0,-0.00841300473034,0.00863896195675,-0.999927292201,0.0,0.657630092524,0.255570091264,0.303510462905,1.0,-0.01288,-0.016928,0.645
0.461920892061,0.524267259464,-0.124035005209,-1.39253540665,0.0773456828398,1.90760154615,0.154483361522,-0.00827238456432,-0.0726019506423,0.000738557233692,-0.117094240117,-0.00950077381629,0.034426610865,-0.014304601006,0.574029036866,0.818820165609,0.0022244389452,0.0,0.818779719593,-0.573968454981,-0.0118629832026,0.0,-0.0084370545254,0.00863118849506,-0.999927156695,0.0,0.657413329997,0.255303767547,0.303512018423,1.0,-0.0132,-0.0173485714286,0.661
0.461766193704,0.523072107782,-0.124036126072,-1.39443400054,0.0772277040052,1.90831631785,0.154226327929,-0.00829897586407,-0.0760121253666,0.00652883245637,-0.108857524277,-0.00299738251706,0.0539271414595,-0.01401616204,0.574016157965,0.818829176788,0.00223081526773,0.0,0.818788828912,-0.573955568032,-0.0118577601077,0.0,-0.00842925339262,0.00863327873705,-0.999927204443,0.0,0.65718699397,0.255021195537,0.303510519826,1.0,-0.01354,-0.0177954285714,0.678
0.461595207606,0.521748808836,-0.12404366368,-1.39651409959,0.0770996166235,1.90912578194,0.153951678287,-0.0117957687277,-0.0714891637906,-0.00183969034305,-0.116149509805,-0.00708656749008,0.0426357349267,-0.019661118602,0.574013618574,0.818830848174,0.00227039020341,0.0,0.818791091354,-0.573952952353,-0.0118281065829,0.0,-0.00838228277027,0.00864863604605,-0.999927466585,0.0,0.656945693902,0.254709130275,0.303520752761,1.0,-0.0139,-0.0182685714286,0.696
0.461441448274,0.520577451672,-0.124049960799,-1.39839924776,0.0769840129991,1.9098416249,0.153694985168,-0.00396874204734,-0.070417748508,-0.000604974018767,-0.11565925207,-0.0104989377512,0.0404627663006,-0.00714886228796,0.574003383046,0.818838030196,0.00226791915563,0.0,0.818798271136,-0.573942758548,-0.0118257344954,0.0,-0.00838186674043,0.00864514633695,-0.999927500249,0.0,0.656721621421,0.254425971123,0.303508545655,1.0,-0.01422,-0.0186891428571,0.712
0.461266205384,0.519239110674,-0.12405706449,-1.40044315293,0.0768530728906,1.91056857614,0.153424257591,-0.0117481495326,-0.0774963772331,-6.30300455512e-05,-0.122121443047,-0.0155611863906,0.0435185946887,-0.0121282535434,0.574003367347,0.818838000979,0.00228239544658,0.0,0.818798454344,-0.573942711725,-0.0118153173285,0.0,-0.00836502764307,0.00865102035565,-0.999927590458,0.0,0.656472491425,0.254109954051,0.303538591577,1.0,-0.01456,-0.019136,0.729
0.461087646105,0.517881117956,-0.124063191426,-1.40254251641,0.0767184448342,1.91133549585,0.153128758778,-0.0123078892264,-0.0797446241077,-0.000418514420881,-0.12795532005,-0.00887044049763,0.0446675050423,-0.0201679139451,0.573986890753,0.81884950314,0.00229942432162,0.0,0.818810221229,-0.573926216484,-0.0118011247188,0.0,-0.00834380585564,0.00865664968958,-0.999927719048,0.0,0.656218826334,0.253788158417,0.303559075468,1.0,-0.0149,-0.0195828571429,0.746
0.460912460456,0.516622190617,-0.124068479059,-1.4045480803,0.0765888815964,1.91206861312,0.15285907074,-0.00721862810642,-0.081539365079,-0.00109837160644,-0.119154043936,-0.00903151820286,0.046119961529,-0.0158526490684,0.573984358159,0.818851327539,0.0022818584234,0.0,0.818811858408,-0.573923794364,-0.0118053248565,0.0,-0.00835735399117,0.00864465098322,-0.999927709709,0.0,0.655975948577,0.253477478931,0.303551389766,1.0,-0.01522,-0.0200034285714,0.762
0.460713277883,0.515156680034,-0.124080787627,-1.40685739171,0.0764443632504,1.91293796331,0.152540982219,-0.0151138674761,-0.0822494541455,-0.00699543983687,-0.127553690241,-0.00360754577795,0.0466253288363,-0.0187146798353,0.573978683429,0.818855262384,0.00229720188334,0.0,0.818816064647,-0.573918135998,-0.0117886534451,0.0,-0.00833495556078,0.00864758808251,-0.999927871267,0.0,0.655701391614,0.253120482921,0.303555634589,1.0,-0.01558,-0.0204765714286,0.78
0.460561751779,0.514012662212,-0.124080197214,-1.40872993426,0.0763323298683,1.91359685703,0.152291857168,-0.00974886729241,-0.0855631912182,0.00071286639531,-0.131581496882,-0.0102566616607,0.0402944579304,-0.0162615864393,0.573966525011,0.818863946193,0.00223890455573,0.0,0.818823879643,-0.573906090047,-0.0118321948255,0.0,-0.0084041985942,0.00862471831425,-0.999927489211,0.0,0.655462504715,0.252840942756,0.303523390788,1.0,-0.01586,-0.0208445714286,0.794
0.460360153589,0.512614520051,-0.124082848613,-1.41099913566,0.0761995921488,1.91437477176,0.151964660932,-0.0102272500242,-0.079262862312,-0.00060933977489,-0.132120312426,-0.00819857051394,0.0436623680756,-0.0142241267294,0.573948536089,0.818876758081,0.00216330715937,0.0,0.818835530104,-0.573888222088,-0.0118924383741,0.0,-0.00849710847757,0.00859720588279,-0.99992694093,0.0,0.655173541583,0.252487775165,0.303490497123,1.0,-0.0162,-0.0212914285714,0.811
0.460156556075,0.511183600579,-0.124093897262,-1.41329223661,0.0760562515363,1.91524930415,0.151641636395,-0.018456200228,-0.0828894732131,-0.000586762013843,-0.139156904956,-0.013609871326,0.0530156904177,-0.0196665953312,0.573940075336,0.818882678472,0.00216696158965,0.0,0.818841570412,-0.573879820943,-0.0118819434639,0.0,-0.00848650555164,0.00859408722071,-0.999927057784,0.0,0.654901148236,0.252130817429,0.303477359188,1.0,-0.01654,-0.0217382857143,0.828
0.459962680179,0.509715621748,-0.124094755275,-1.41563596703,0.0759057070423,1.9161327816,0.151305115113,-0.0138784578741,-0.090574898632,-0.000734732458767,-0.138873532187,-0.0154383650828,0.0531079063337,-0.0154425572151,0.573905512422,0.818906900494,0.00216749511261,0.0,0.818865842335,-0.573845303707,-0.0118763029634,0.0,-0.00848194286162,0.00859092885105,-0.999927123638,0.0,0.654614140354,0.251780193773,0.303466032841,1.0,-0.01688,-0.0221851428571,0.845
0.459761076953,0.508212967971,-0.124097899764,-1.41801655673,0.0757593386178,1.9169750336,0.150979616055,-0.0125236002603,-0.0865040743395,0.000267887050177,-0.139128708759,-0.0121764623792,0.0538074262608,-0.019386304208,0.573890251363,0.818917676246,0.00213677886512,0.0,0.818876135821,-0.57383008497,-0.0119018766694,0.0,-0.00852067323672,0.00858029341092,-0.999926885673,0.0,0.654312264909,0.251417271883,0.303457414427,1.0,-0.01722,-0.022632,0.862
0.459556370105,0.506693236819,-0.124095089264,-1.42042942839,0.0756096565637,1.91785164283,0.150648492108,-0.0128692887371,-0.0845089118474,0.0016348392831,-0.143098768468,-0.00680614125623,0.0520315500697,-0.0133379844645,0.573869169887,0.818932488032,0.00212198026666,0.0,0.818890685674,-0.573808996651,-0.0119175156422,0.0,-0.00854219383204,0.00857692981675,-0.999926730916,0.0,0.654008607656,0.251054047082,0.303447656996,1.0,-0.01756,-0.0230788571429,0.879
0.459336712902,0.505083097107,-0.124103936517,-1.4228778303,0.0754609210031,1.91879025499,0.150315564716,-0.014094016514,-0.094619637996,-0.00532906771401,-0.143324480913,-0.00191407595796,0.0624536287615,-0.0138076767782,0.573869105827,0.818932312939,0.0022052445214,0.0,0.818891636785,-0.573808640089,-0.0118692318417,0.0,-0.00845487190751,0.00861740767128,-0.999927125058,0.0,0.653716544577,0.250675565988,0.303489284732,1.0,-0.0179,-0.0235257142857,0.896
0.459131149206,0.503522906619,-0.124106049578,-1.42520057478,0.0753092256512,1.91967429486,0.149976736638,-0.016857760589,-0.0955521320604,-0.00107121865149,-0.141106187599,-0.00961663308997,0.0579720241247,-0.0263675213996,0.573839884417,0.818952518182,0.00230367474771,0.0,0.818913219295,-0.573779137234,-0.0118062627377,0.0,-0.00834712879824,0.00866158091092,-0.999927648611,0.0,0.653436530102,0.250320424364,0.303550224669,1.0,-0.01822,-0.0239462857143,0.912
0.458895602185,0.501832540435,-0.124099715874,-1.42770266632,0.0751507752696,1.92059972319,0.149634021694,-0.00979391622831,-0.095122090188,0.00278120913638,-0.144973628871,-0.00942819694276,0.052492766338,-0.018535673021,0.573832778062,0.818957217672,0.002401113386,0.0,0.818919171223,-0.573771648029,-0.0117572880679,0.0,-0.00825118399971,0.0087132028147,-0.999927996437,0.0,0.653130041183,0.249932908028,0.303619402929,1.0,-0.01856,-0.0243931428571,0.929
0.458677393055,0.500202071124,-0.124105009326,-1.43014789923,0.0749907849996,1.9214605924,0.149297531641,-0.013207326312,-0.103706484235,-0.000103332916177,-0.150478931499,-0.0100065610879,0.0593883399914,-0.0242196867672,0.573818975182,0.818966778176,0.00243861983104,0.0,0.818929212054,-0.573757700361,-0.0117385613449,0.0,-0.00821447301279,0.00873303439574,-0.999928125689,0.0,0.65280103052,0.249528572281,0.303668614447,1.0,-0.0189,-0.02484,0.946
0.458431278173,0.498521846802,-0.124107933423,-1.4327628158,0.0748328684297,1.92243718437,0.14891880696,-0.0156045877972,-0.0891226811278,0.000759167467889,-0.151511102787,-0.00656346135811,0.0645337219702,-0.0187735327332,0.573804820674,0.818976592015,0.00247313654828,0.0,0.818939448231,-0.573743393203,-0.0117237275772,0.0,-0.00818267024357,0.00875264899592,-0.999928214945,0.0,0.652498789041,0.249141832889,0.303679983126,1.0,-0.01922,-0.0252605714286,0.962
0.458166118203,0.496854620773,-0.12410855703,-1.43543278738,0.0746705895354,1.92339580616,0.148518906241,-0.0176069742131,-0.0966067006952,-0.000933019294549,-0.157835736064,-0.00852092051636,0.0570432918936,-0.0265419774756,0.573786383742,0.818989618235,0.00243679233416,0.0,0.81895188451,-0.573724966914,-0.0117567043931,0.0,-0.00823072870838,0.00874162087597,-0.999927916987,0.0,0.652163521926,0.248712742249,0.303654523935,1.0,-0.01956,-0.0257074285714,0.979
0.45789890056,0.495187486088,-0.124105394286,-1.43814690508,0.0745012917463,1.92432801374,0.14812624734,-0.0158215028219,-0.0954288185659,0.00232548214537,-0.16443116128,-0.00868815746202,0.0585469690415,-0.0194249293398,0.573772341263,0.818999738391,0.00234004648872,0.0,0.818960575096,-0.573711111537,-0.0118272498281,0.0,-0.00834416449405,0.00870272219711,-0.999927316131,0.0,0.65181102758,0.248276612643,0.303604992871,1.0,-0.0199,-0.0261542857143,0.996
0.457614133391,0.493483620782,-0.124115182314,-1.44092335372,0.0743151052593,1.92533539685,0.147749145467,-0.018366291025,-0.103444633834,-9.18544007156e-05,-0.166786411094,-0.0101532427682,0.0585084550438,-0.0207504560427,0.573792868346,0.818985547179,0.00227258632689,0.0,0.818945581703,-0.573731976548,-0.0118532779206,0.0,-0.00840396966091,0.00866261765103,-0.999927163522,0.0,0.651466259233,0.247817020465,0.303557653136,1.0,-0.021324,-0.0280258285714,1.013
0.457342001921,0.491705211091,-0.124119217363,-1.44375257927,0.0741444093492,1.92638780961,0.147341830493,-0.0182933961244,-0.117946851925,0.00259530817344,-0.179210716619,-0.0095838056199,0.0619910780609,-0.0259412736077,0.573780854624,0.818993960441,0.00227387986099,0.0,0.818953939168,-0.573719884394,-0.0118611413521,0.0,-0.00840979495492,0.00866806557828,-0.999927067334,0.0,0.651113024903,0.247369351698,0.303540071954,1.0,-0.023116,-0.0303810285714,1.029
0.457014410174,0.489701116297,-0.124133065383,-1.44701447847,0.0739421467592,1.92752590591,0.146866220792,-0.0205034290549,-0.119802320844,0.000353510265923,-0.200273239527,-0.0161286281778,0.0699719366304,-0.0267451916772,0.573777342833,0.818996703986,0.00216947278872,0.0,0.818955199013,-0.57371666391,-0.0119297301617,0.0,-0.00852591114132,0.00862187589018,-0.999926483345,0.0,0.650693491756,0.246832599736,0.303480572073,1.0,-0.02502,-0.0328834285714,1.046
0.45665199106,0.487445394233,-0.124163847689,-1.45050223828,0.0737254693069,1.92882467696,0.146366341698,-0.0175063664829,-0.143750094318,-0.00459590134145,-0.210116622978,-0.0163103686162,0.0800909117018,-0.0274572883617,0.573801551135,0.818979611525,0.00221872075525,0.0,0.818938841576,-0.573740765562,-0.0118934684023,0.0,-0.00846770061663,0.00864165360134,-0.999926807256,0.0,0.650268808544,0.246248432649,0.303501675075,1.0,-0.026924,-0.0353858285714,1.063
0.456258615062,0.485058511919,-0.124189353335,-1.45415346987,0.0735028640175,1.93022346145,0.145823448205,-0.0294200840327,-0.142121983564,-0.00157198746665,-0.218287104076,-0.0149671929965,0.0843716896819,-0.0348034170781,0.573817970148,0.818967803604,0.00232823864995,0.0,0.818928549778,-0.57375684593,-0.0118262000753,0.0,-0.00834959499183,0.00869291458844,-0.999927356111,0.0,0.64983212769,0.245635578652,0.303543293047,1.0,-0.028828,-0.0378882285714,1.08
0.455845723655,0.482483314554,-0.124221299779,-1.45811377598,0.0732501982854,1.93156329428,0.145208121957,-0.0216023810985,-0.158190747772,0.000122648915051,-0.238301559698,-0.021059641817,0.0824969845526,-0.0355391750696,0.573800396665,0.818980235134,0.00228607690251,0.0,0.818940364394,-0.573739367661,-0.0118559884735,0.0,-0.00839836960596,0.00867529856692,-0.999927100634,0.0,0.649318032043,0.244964075008,0.303562142217,1.0,-0.030732,-0.0403906285714,1.097
0.455402577413,0.479779928095,-0.124250175004,-1.46235437652,0.0729955107623,1.93309415197,0.144585364419,-0.022945425985,-0.160397656086,-0.00167106186296,-0.252466096123,-0.015286229694,0.0957750323295,-0.0421765488382,0.57381233534,0.818971885692,0.0022806051078,0.0,0.818931839186,-0.573751218407,-0.0118713539809,0.0,-0.00841396719107,0.00867975659901,-0.999926930821,0.0,0.648780551439,0.244255987484,0.303551518303,1.0,-0.032636,-0.0428930285714,1.114
0.454957481298,0.477074242074,-0.12425413114,-1.46645402766,0.0727373444667,1.93460109605,0.143996835949,-0.0254918858586,-0.164676082848,0.000507659878478,-0.260933824839,-0.0161945673773,0.0904862802776,-0.0347845861621,0.573826460952,0.818961716003,0.00237641210255,0.0,0.818922877317,-0.573764929284,-0.0118268268272,0.0,-0.00832237670284,0.00873281255295,-0.999927235368,0.0,0.648265104191,0.243576172377,0.303604758834,1.0,-0.034428,-0.0452482285714,1.13
0.454424946305,0.473874356474,-0.124274020389,-1.47136358956,0.0724394558008,1.93639900127,0.143295864386,-0.0249793509018,-0.180455746205,0.000761317717248,-0.279813876284,-0.019923329472,0.100698240386,-0.040179097951,0.573858889305,0.818938765765,0.00245356752604,0.0,0.818900827532,-0.57379695147,-0.0118000022213,0.0,-0.00825578863798,0.00878093370618,-0.999927365941,0.0,0.647644144306,0.242754818273,0.303638387688,1.0,-0.036444,-0.0478978285714,1.148
0.453855129103,0.470519168183,-0.124280452231,-1.47655013528,0.0721181403492,1.93820951031,0.142523616374,-0.0371022861415,-0.188742583657,-0.000284979529786,-0.290521670498,-0.0149352730193,0.0975185406999,-0.0384844822076,0.573858074947,0.818939370472,0.00244217306029,0.0,0.818901012363,-0.573795891955,-0.0118386328543,0.0,-0.00829397335216,0.00879376235836,-0.999926937206,0.0,0.646963877011,0.241884559992,0.303645792677,1.0,-0.03846,-0.0505474285714,1.166
0.453342406119,0.467354141966,-0.124281064429,-1.48127033781,0.0718098196348,1.94004699243,0.141739740371,-0.0349856001599,-0.196975235076,-0.00134974051837,-0.305200556631,-0.01915709216,0.111612782985,-0.049977480154,0.573776818546,0.818995576963,0.0026747550711,0.0,0.818960431302,-0.573713996251,-0.0116965537203,0.0,-0.00804503623366,0.00890190133741,-0.999928014181,0.0,0.646379887514,0.241111267755,0.303743131309,1.0,-0.040252,-0.0529026285714,1.182
0.452745594579,0.463884580703,-0.124284323439,-1.48662686623,0.071445838785,1.94187495814,0.140929754612,-0.0389869674772,-0.203536006017,-0.000346014670895,-0.319190014451,-0.0208033549376,0.109523549954,-0.0464127529415,0.573756207497,0.819010202611,0.00261711255772,0.0,0.818974205952,-0.573693480981,-0.0117382607711,0.0,-0.00811249110969,0.00887841859857,-0.99992767797,0.0,0.645662443098,0.240202889234,0.30374465166,1.0,-0.042156,-0.0554050285714,1.199
0.452194378568,0.460751874551,-0.12429345772,-1.49157022075,0.0711114288373,1.94359722127,0.140200547568,-0.0381864284441,-0.210612277627,-0.00389140885377,-0.327901677609,-0.0251255610542,0.114644583686,-0.0438469362232,0.573755902129,0.819010686168,0.00253132697247,0.0,0.818973517145,-0.57369342761,-0.0117888181414,0.0,-0.00820312032338,0.00883716388426,-0.999927304033,0.0,0.64500245095,0.239363056221,0.303699394538,1.0,-0.043836,-0.0576130285714,1.214
0.451540345088,0.457070858835,-0.124301138925,-1.49730102796,0.0707298727326,1.94563123752,0.139328117028,-0.0427363941181,-0.215201064943,-0.000680458330068,-0.344643253991,-0.0226314167899,0.122006828867,-0.0488727941562,0.573743197952,0.819019652509,0.0025096831361,0.0,0.818982136614,-0.573680735549,-0.0118076445227,0.0,-0.00823109452052,0.00883011139278,-0.999927136453,0.0,0.644243332026,0.238386377165,0.303680941077,1.0,-0.04574,-0.0601154285714,1.231
0.450814718782,0.453250516332,-0.124335898077,-1.50328452325,0.0703140476907,1.94772537119,0.13837513943,-0.044557468119,-0.232661130772,-0.0068791545324,-0.356010954061,-0.0198059871148,0.119539122662,-0.053879496345,0.573742012891,0.819020725749,0.00242906128326,0.0,0.818982280812,-0.573679983501,-0.0118341517688,0.0,-0.00829907151628,0.008779277235,-0.999927022189,0.0,0.6434548384,0.237319520569,0.303640774161,1.0,-0.047644,-0.0626178285714,1.248
0.450087713542,0.449183591694,-0.12441292493,-1.5093777841,0.0699036187668,1.94999431264,0.137440244582,-0.0477589876226,-0.243424193075,-0.00506999431478,-0.361282926252,-0.0277200727294,0.126480337588,-0.0473094583609,0.57379257105,0.818984754552,0.0026084711454,0.0,0.818949089672,-0.573730356869,-0.0116881577966,0.0,-0.00807601945145,0.00884295343715,-0.999928287471,0.0,0.642682905697,0.23623037414,0.303729702055,1.0,-0.049548,-0.0651202285714,1.265
0.449302606844,0.444993459051,-0.124427034163,-1.51581066049,0.0694666203425,1.95209726847,0.136486285233,-0.0492979628464,-0.245262471868,0.000572563509513,-0.382105017484,-0.0321524566457,0.128689034569,-0.0591465749104,0.573832063544,0.818957462276,0.0024869121724,0.0,0.818919936432,-0.573769981574,-0.0117852814714,0.0,-0.00822488700929,0.00879952376244,-0.999927457176,0.0,0.641788828063,0.235089709762,0.303721510073,1.0,-0.051452,-0.0676226285714,1.282
0.448563230262,0.440990581519,-0.124442179599,-1.52200837577,0.0690379999684,1.95426086788,0.135490703702,-0.0477177156803,-0.247446579115,0.000168897535411,-0.396869075231,-0.0170875529072,0.138988831744,-0.0652302309095,0.573784927697,0.818990606888,0.00244734107971,0.0,0.818952621864,-0.573723059005,-0.0117983731038,0.0,-0.00825881974576,0.00877415398178,-0.999927400424,0.0,0.640894752058,0.233936494022,0.303699324,1.0,-0.053356,-0.0701250285714,1.299
0.44755382665,0.435828758794,-0.124453626708,-1.52990124151,0.0685162300073,1.95710383451,0.134204713467,-0.0530135747287,-0.266574878847,-0.0030573774377,-0.387461331058,-0.03269463366,0.142280685819,-0.0655829987501,0.573775618377,0.818996855392,0.00253722578501,0.0,0.818959864483,-0.57371322884,-0.0117736281975,0.0,-0.00818708209959,0.00883347695641,-0.999927468055,0.0,0.639890089722,0.232606578521,0.303714576599,1.0,-0.055484,-0.0729218285714,1.318
0.446771957505,0.431777834773,-0.124475229858,-1.53595357029,0.0680781609115,1.9593175478,0.133228054951,-0.0503091209643,-0.265612849382,-0.00325622289667,-0.416182789947,-0.0343224144649,0.152637693771,-0.0605905750362,0.573772906744,0.818998264447,0.00269095164154,0.0,0.81896363383,-0.573710366405,-0.011650272284,0.0,-0.00799787991266,0.00888857326014,-0.999928511036,0.0,0.639090101872,0.231517398813,0.303788559462,1.0,-0.057164,-0.0751298285714,1.333
0.445839680331,0.427134512471,-0.124509678692,-1.54323934741,0.067546198281,1.96164269,0.132066635734,-0.0570684247083,-0.284114072327,-0.00829970782984,-0.435325977483,-0.0329418610066,0.139230309409,-0.0726145676167,0.573773379447,0.818998839574,0.00239931563839,0.0,0.818960272278,-0.573711738984,-0.0118177782544,0.0,-0.0083023909762,0.00874583913961,-0.999927287657,0.0,0.638043721523,0.230183868167,0.303685654578,1.0,-0.059068,-0.0776322285714,1.35
0.444872077732,0.422297270117,-0.124555509579,-1.55058098448,0.0670087361578,1.96413029823,0.13084283091,-0.0559490042816,-0.288564383149,-0.00246429797703,-0.431350577337,-0.0342550541435,0.146166177862,-0.0685415733205,0.573757342109,0.819010197808,0.00235693953477,0.0,0.818971257626,-0.573696052865,-0.0118179951758,0.0,-0.00832705198022,0.00871109495162,-0.999927385879,0.0,0.637021787314,0.228828641815,0.303696284412,1.0,-0.060972,-0.0801346285714,1.367
0.443847539673,0.417340690206,-0.124580079193,-1.55800354524,0.0665097529618,1.9668124318,0.129675210419,-0.0648006862483,-0.294813209439,-0.00015702251992,-0.428746056222,-0.0287240699462,0.165253634589,-0.0765969029252,0.573830704864,0.818958271953,0.00253334891273,0.0,0.818921637838,-0.573768762104,-0.0117262788554,0.0,-0.0081499335097,0.00880368260003,-0.999928034289,0.0,0.636017784436,0.227462268449,0.30375962431,1.0,-0.062876,-0.0826370285714,1.384
0.442795873568,0.412267624293,-0.124602093233,-1.56561482546,0.0659834121849,1.96952882833,0.128361807235,-0.0621932201179,-0.301583813604,-0.000636599136051,-0.45996518705,-0.0298996605381,0.154045645444,-0.0742112660856,0.573800043841,0.818979308791,0.00267364191347,0.0,0.818944534872,-0.573737650153,-0.0116492274827,0.0,-0.00800666139602,0.00887406252675,-0.999928569643,0.0,0.634971008317,0.226060352768,0.303808890589,1.0,-0.06478,-0.0851394285714,1.401
