position_joint1,position_joint2,position_joint3,position_joint4,position_joint5,position_joint6,position_joint7,velocity_joint1,velocity_joint2,velocity_joint3,velocity_joint4,velocity_joint5,velocity_joint6,velocity_joint7,ee_T_00,ee_T_10,ee_T_20,ee_T_30,ee_T_01,ee_T_11,ee_T_21,ee_T_31,ee_T_02,ee_T_12,ee_T_22,ee_T_32,ee_T_03,ee_T_13,ee_T_23,ee_T_33,v_x,v_y,time
0.465051013904,0.547734551845,-0.124025913994,-1.35583913572,0.0794114883074,1.89409457846,0.159154907219,0.000495365756474,-0.00123888768746,0.000337885125259,0.000646797580365,0.000139080065745,8.3720791497e-05,0.000888357676244,0.573823698747,0.818964854888,0.00191732019768,0.0,0.818922269088,-0.57376621981,-0.0118063160366,0.0,-0.00856902931803,0.00834504081142,-0.999928463456,0.0,0.661695190442,0.260838972881,0.303245052194,1.0,0.0,0.0,0.0
0.46505097887,0.547731365078,-0.1240275907,-1.35584342873,0.0794108779762,1.89409390707,0.159150121798,-0.000713936198278,0.000428404393332,-0.000366895303185,0.00117131989837,0.000473542485165,6.65763523058e-05,-0.000129843033762,0.573826197083,0.818963115886,0.00191239670411,0.0,0.818920513108,-0.573768783493,-0.011803524928,0.0,-0.00856954301322,0.00833943327171,-0.999928505837,0.0,0.661697016974,0.260833787371,0.303243771141,1.0,-0.00028,-0.000368,0.015
0.465042509146,0.547731814047,-0.124031009018,-1.35584016327,0.0794106619317,1.89409710009,0.15915607335,-0.00205733731353,-0.00417672195007,-0.000926862023552,-0.0012636097888,0.000244333267387,-0.000121238689344,0.00058677117899,0.573835028626,0.818956911872,0.00191919767829,0.0,0.818914386791,-0.573777576127,-0.0118011500394,0.0,-0.00856360567681,0.00834373250325,-0.999928520838,0.0,0.661698965429,0.260830348773,0.303246888899,1.0,-0.00056,-0.000736,0.029
0.465050295679,0.547707277016,-0.12402579815,-1.35587141428,0.079405508562,1.89410449034,0.159145990445,0.00090107826893,-0.000544177011242,-0.000584043492502,-0.00501636023453,-0.000344864790166,0.0050923553146,-0.00286137388512,0.573817102442,0.8189694713,0.00191961607723,0.0,0.818926947995,-0.573759646846,-0.0118012033028,0.0,-0.00856359186273,0.00834391826628,-0.999928519406,0.0,0.66169098554,0.260834796445,0.303249856762,1.0,-0.00092,-0.00120914285714,0.047
0.465055232494,0.547595644615,-0.124028330331,-1.35598560114,0.0794066976044,1.89412570696,0.159154014225,0.000501455616995,-0.0102941421438,-0.000959182657084,-0.0109941592333,-0.000102215731598,-0.000103758760403,0.00212209319348,0.573827898641,0.81896185638,0.00194098881527,0.0,0.818919523086,-0.57377027008,-0.0117999483958,0.0,-0.00855019058433,0.00836081419853,-0.999928492957,0.0,0.661671219197,0.260826147106,0.303276516673,1.0,-0.00126,-0.001656,0.064
0.4650469239,0.547460808067,-0.124023062042,-1.35617555592,0.079403276166,1.89416919441,0.159149206449,-0.000650209706709,-0.0100346746907,0.00428796228995,-0.0143805937152,-1.77576066055e-05,0.00343656582494,0.000563055508133,0.573836608271,0.818955760786,0.00193798498764,0.0,0.818913253939,-0.573778859296,-0.0118173621917,0.0,-0.00856608695239,0.00836843774948,-0.999928293131,0.0,0.661641050382,0.260805318115,0.30328521594,1.0,-0.0016,-0.00210285714286,0.081
0.465031264181,0.547315848422,-0.124026511253,-1.35635838924,0.079397273529,1.89426343777,0.159142004529,-0.000692434368234,-0.0114846302246,0.000179426683734,-0.0132621182418,0.000384481807895,0.0114192984618,-0.000748143803201,0.57385472827,0.818942945683,0.00198732493483,0.0,0.818901085401,-0.573796784388,-0.0117902271974,0.0,-0.00851536668133,0.0083934617709,-0.99992851661,0.0,0.661626970966,0.260778600267,0.303309164029,1.0,-0.0019,-0.00249714285714,0.096
0.465014439231,0.547122153483,-0.124025424663,-1.35656781428,0.0793943718961,1.89438012014,0.159127391458,-0.00108138397469,-0.0146207902207,0.000368169731481,-0.0110936840759,0.000659287762219,0.00591154832521,0.000483664672157,0.57386689785,0.818934190996,0.00207876658643,0.0,0.818893473892,-0.57380854894,-0.0117462539291,0.0,-0.0084267571613,0.00844323725351,-0.999928848223,0.0,0.661611641629,0.260753253785,0.303356774918,1.0,-0.00224,-0.002944,0.113
0.464999528451,0.546918764012,-0.124022649384,-1.35682635969,0.0793883711421,1.89450003884,0.159112994357,0.00146337854663,-0.0139273120169,0.00110329548104,-0.015950792934,0.000248799404154,0.00568589106202,-0.00160201711165,0.573878354576,0.818926005842,0.00213962747791,0.0,0.818886009292,-0.573819700191,-0.0117218753002,0.0,-0.00837174930482,0.00847920476756,-0.99992900593,0.0,0.661585220311,0.260724157679,0.303388083884,1.0,-0.00258,-0.00339085714286,0.13
0.464955919957,0.546667494785,-0.124023704288,-1.35720680671,0.079375795144,1.89464321596,0.159083447066,-0.00393658368303,-0.0139564610704,0.000398602220016,-0.0248804770525,0.000107018772618,0.0100429620723,-0.00355662229611,0.573908564395,0.818904790053,0.00215672048976,0.0,0.818864930899,-0.57384975554,-0.0117230504592,0.0,-0.00836258965506,0.00849418537361,-0.999928955431,0.0,0.661545446047,0.260660523057,0.303397404016,1.0,-0.00294,-0.003864,0.148
0.464924244912,0.546390852494,-0.124028757215,-1.35761219078,0.0793535784882,1.89479949052,0.158971958233,0.000201850873608,-0.0159215847973,0.00271620469979,-0.0236150412278,0.000193697917534,0.0103162029769,-0.00474250449426,0.573863533307,0.818936283112,0.00218088139945,0.0,0.818896742113,-0.573804642988,-0.0117091564022,0.0,-0.00833781367833,0.00850553829593,-0.999929065825,0.0,0.661501553191,0.260599171982,0.303414060464,1.0,-0.00328,-0.00431085714286,0.165
0.464880307227,0.546103809733,-0.124021573765,-1.35809623585,0.0793226908683,1.89496323117,0.158938027568,-0.00513603596958,-0.0206960984197,0.000936787413397,-0.033282797128,-0.00186669371941,0.0127420374826,0.00183992077117,0.573885515122,0.818920953338,0.00215281628894,0.0,0.818881006043,-0.573826685919,-0.0117294232842,0.0,-0.00837028821551,0.00849441003576,-0.999928889108,0.0,0.661442203588,0.260526687668,0.303400850654,1.0,-0.00362,-0.00475771428571,0.182
0.464833799217,0.545782258983,-0.124023707882,-1.35863146594,0.0792513844493,1.89514285733,0.158882883472,-0.00163786195181,-0.0178776436138,0.000407618827087,-0.0324921633649,-0.00449217984191,0.0150304066364,-0.00367386368171,0.573890826605,0.81891736441,0.00210150119964,0.0,0.818877082667,-0.573832528058,-0.0117175137092,0.0,-0.00838992723021,0.00844560740404,-0.999929137908,0.0,0.661380207629,0.260436021118,0.30338930564,1.0,-0.00396,-0.00520457142857,0.199
0.464766303116,0.545433615265,-0.124025852288,-1.35925478887,0.0792283043586,1.89534722327,0.158769781374,-0.00770942739303,-0.0185901326464,0.000994940369312,-0.0371907994576,-0.0020216129123,0.00984638214438,-0.0066276488996,0.573883576258,0.818922578737,0.0020488625182,0.0,0.818881453205,-0.573825321783,-0.0117648875412,0.0,-0.0084590057121,0.00842961354894,-0.999928690876,0.0,0.661306329557,0.2603308564,0.303357228253,1.0,-0.0043,-0.00565142857143,0.216
0.464709481409,0.545060279177,-0.124023652638,-1.35990360031,0.0792075032252,1.89555192144,0.158709481345,-0.00119116279116,-0.0203090445894,0.00114972710118,-0.0374754328624,1.86280083036e-05,0.0105596110818,-0.00484486419569,0.57390970833,0.818904388643,0.00199896141834,0.0,0.818862388391,-0.573851424063,-0.0118185820157,0.0,-0.00853134607846,0.00841983538674,-0.999928158672,0.0,0.661223335703,0.260232961396,0.303330361413,1.0,-0.00462,-0.006072,0.232
0.464642052574,0.544634871298,-0.124035413706,-1.3606172946,0.0791782875615,1.89579749066,0.15862563873,-0.0028765270353,-0.0261039226939,-0.0008622019165,-0.044270191465,0.000196096277896,0.0113618745901,-0.00205455276451,0.57393646956,0.818885710915,0.00196679159874,0.0,0.81884319596,-0.573878217087,-0.0118473324063,0.0,-0.00857307742219,0.00841027197725,-0.999927882234,0.0,0.661141307438,0.260114369264,0.303313431579,1.0,-0.00496,-0.00651885714286,0.249
0.464573890093,0.544192889993,-0.124035364183,-1.36133415275,0.0791407830865,1.89605659952,0.15852542363,-0.00154364843195,-0.0318135236432,-0.000828297672826,-0.0457465469397,-0.00340600150412,0.0131811994021,-0.00421979904097,0.573939553073,0.818883593837,0.00194834905969,0.0,0.818840754096,-0.57388129239,-0.0118671217193,0.0,-0.00859983577911,0.00840656000146,-0.999927683672,0.0,0.661054003603,0.259992239918,0.303302290539,1.0,-0.0053,-0.00696571428571,0.266
0.464492322974,0.543662541876,-0.124030341475,-1.36220852923,0.0790974700854,1.89635101904,0.158424796366,-0.00356386902779,-0.0334193233597,0.000913137037023,-0.0485981840665,-2.27963443136e-05,0.0154613281906,-0.0044810124079,0.573958050034,0.818870695931,0.0019201686773,0.0,0.818827347202,-0.573899764721,-0.0118988414877,0.0,-0.008641794639,0.00840188424446,-0.999927361225,0.0,0.660953465526,0.259866695537,0.303291876355,1.0,-0.00564,-0.00741257142857,0.283
0.464425548834,0.543189736718,-0.124035265458,-1.36296483717,0.0790521465456,1.89661637966,0.158340444613,-0.00208962717251,-0.0361026604342,2.16601014799e-05,-0.0534413527424,7.59505945671e-05,0.0137872885285,-0.00972808435699,0.573977036051,0.818857426969,0.00190349286369,0.0,0.818813857438,-0.573918814271,-0.0119083329908,0.0,-0.00865894325655,0.00839387761686,-0.999927280116,0.0,0.660865690032,0.259746817971,0.303289524688,1.0,-0.00594,-0.00780685714286,0.298
0.464348425728,0.542623366481,-0.124041061033,-1.36386958435,0.0789920700571,1.89693597494,0.158218491651,-0.00510110515428,-0.0340434337604,0.000473616212061,-0.053943598401,0.000677976354667,0.0143688850476,-0.00318008779855,0.573978589352,0.818856385525,0.00188301644237,0.0,0.818812598753,-0.573920500818,-0.0119135958012,0.0,-0.00867498927714,0.00838014784256,-0.999927256196,0.0,0.660760593178,0.259604504902,0.303287362917,1.0,-0.00628,-0.00825371428571,0.315
0.464277373058,0.542066134187,-0.12403651613,-1.36473855083,0.0789457227167,1.89725301056,0.158105291563,-0.00582195503218,-0.0365268161488,0.000522322222819,-0.0575775124997,0.000243382286673,0.0155111698981,-0.00453197042258,0.573976766285,0.81885764295,0.0018918904085,0.0,0.818813876852,-0.573918549045,-0.0119197750884,0.0,-0.0086749749553,0.00839094163165,-0.999927165802,0.0,0.660658147098,0.259478380226,0.303295157252,1.0,-0.0066,-0.00867428571429,0.331
0.464200101874,0.541442475656,-0.124037179982,-1.36569254917,0.0788833150626,1.89761569436,0.157972782214,-0.00511039920866,-0.033176009752,0.00182074488623,-0.0548400121142,-0.00208959089316,0.0134230002124,-0.00430607786299,0.573968323263,0.818863504249,0.00191629865488,0.0,0.81882010581,-0.573910053432,-0.0119009156264,0.0,-0.00864560886494,0.00840001418103,-0.999927343965,0.0,0.660550508418,0.259336416388,0.303313479307,1.0,-0.00694,-0.00912114285714,0.348
0.464121105656,0.540755749559,-0.124042499412,-1.36673582255,0.0788210964106,1.89800361869,0.15783393865,0.000256828187673,-0.0412414201562,-0.000709266995529,-0.0642308957201,-0.00897588392368,0.0231153767671,-0.00557183480445,0.573964239379,0.818866305666,0.00194223075012,0.0,0.818823255893,-0.573905873455,-0.0118857445685,0.0,-0.00861834403959,0.00841249801385,-0.999927474382,0.0,0.660430291714,0.259182595577,0.303336147732,1.0,-0.00728,-0.009568,0.365
0.464024334566,0.540023248713,-0.124044956139,-1.36784112029,0.0787618356917,1.89840853137,0.157696061515,-0.0037649380022,-0.0500398199773,-0.00062732001258,-0.0654776301159,-0.00210541621023,0.0225373873753,-0.00969306932329,0.573977593437,0.818856870545,0.00197349794337,0.0,0.818814156198,-0.573919027323,-0.0118774823436,0.0,-0.00859349545317,0.00843349915592,-0.999927511337,0.0,0.660303929161,0.259013574066,0.303362923296,1.0,-0.00762,-0.0100148571429,0.382
0.463936249566,0.539332349557,-0.124049119187,-1.36892918628,0.0786945946451,1.8988206325,0.15757485638,-0.00562341039535,-0.0484678484253,-0.00265280348866,-0.0665748867916,-0.00199067783014,0.0239902727412,-0.00496637814604,0.573995653308,0.818844187868,0.00198314902317,0.0,0.818801635824,-0.573937081576,-0.0118682123991,0.0,-0.00858017917574,0.00843627041822,-0.999927602313,0.0,0.660180259091,0.258850001102,0.30336906177,1.0,-0.00794,-0.0104354285714,0.398
0.463814591899,0.538577878017,-0.124048919875,-1.37010085639,0.0786323433934,1.89927864242,0.157418581947,-0.00786513684404,-0.0472760412708,0.000417426803056,-0.0718691446743,-0.00154117736946,0.0285521764836,-0.010431894594,0.57401538783,0.818830260511,0.00202136263893,0.0,0.818788147897,-0.573956601454,-0.0118547632815,0.0,-0.00854702903233,0.00846004719615,-0.999927685333,0.0,0.660055275535,0.25866163757,0.30338405855,1.0,-0.00828,-0.0108822857143,0.415
0.463702997442,0.537748457507,-0.124059206208,-1.37139766592,0.0785570694209,1.89976914448,0.157262311573,-0.00743794284894,-0.0485344049685,-0.0040785244114,-0.0709581827749,-0.00568428924403,0.0287097312894,-0.00194346899909,0.574037474455,0.818814732826,0.00203914900432,0.0,0.818772875717,-0.573978637596,-0.0118426548455,0.0,-0.00852667646083,0.00846789060575,-0.999927792702,0.0,0.659910023513,0.258460078082,0.303395439418,1.0,-0.00864,-0.0113554285714,0.433
0.463595804185,0.536974141252,-0.124058749413,-1.37261791208,0.0784833071021,1.90022324947,0.157109089725,-0.00415048322488,-0.0485765717408,0.00582053545499,-0.0781218475723,-0.0110354774728,0.0236813604473,-0.00853870635008,0.574046930084,0.818808088171,0.00204541169752,0.0,0.818766299725,-0.5739880542,-0.0118409024792,0.0,-0.00852154890712,0.00847211099897,-0.999927800663,0.0,0.659769838331,0.258273813439,0.303400694768,1.0,-0.00896,-0.011776,0.449
0.463472974225,0.536129938704,-0.124061400983,-1.3739320646,0.0784068655224,1.90071885555,0.156953675559,-0.00216826908959,-0.0461773003466,0.00157267588399,-0.0786548151975,-0.00353347488762,0.0202503959717,-0.0113808397218,0.574073947586,0.818789091177,0.00206731064308,0.0,0.818747572832,-0.574014966109,-0.0118312114785,0.0,-0.00850076331129,0.00848475920739,-0.999927870341,0.0,0.659622612859,0.258067597,0.303414146772,1.0,-0.0093,-0.0122228571429,0.466
0.463357287935,0.535228735627,-0.124069479821,-1.37534519173,0.0783254959951,1.90122294428,0.156787510495,-0.00568232214163,-0.0517263989344,-0.0049171976993,-0.0823940031354,-0.00242211319941,0.0310850934903,-0.0144549689537,0.574093939335,0.818775090143,0.00206094185126,0.0,0.818733451036,-0.57403494302,-0.0118392249544,0.0,-0.00851077369989,0.00848435267711,-0.999927788638,0.0,0.659454942954,0.257851744078,0.303421460052,1.0,-0.00964,-0.0126697142857,0.483
0.463225795346,0.534278224534,-0.124073042776,-1.3768918906,0.0782425608979,1.90179653401,0.156597710669,-0.00881940972767,-0.0539498702553,-0.00213473619059,-0.0902246669243,-0.00498451970201,0.0329486959461,-0.0158061844933,0.574111320664,0.818762943003,0.00204488434112,0.0,0.81872099751,-0.57405228972,-0.0118593340985,0.0,-0.00853627710013,0.00848293103177,-0.999927583305,0.0,0.659274150956,0.257617352543,0.303405704416,1.0,-0.01,-0.0131428571429,0.501
0.463110439398,0.53341413893,-0.124070888328,-1.37827337836,0.0781616714317,1.90230454932,0.156421941009,-0.00915282553802,-0.0542886342258,0.000340183208405,-0.0850846840639,-0.00318162476414,0.0344987494047,-0.0143794987288,0.574114220504,0.818760926879,0.00203797263861,0.0,0.818718833035,-0.574055159155,-0.0118698602502,0.0,-0.0085488336645,0.00848334547616,-0.999927472516,0.0,0.659110475818,0.257411307175,0.303401545733,1.0,-0.01032,-0.0135634285714,0.517
0.462972499556,0.532461747221,-0.124071233915,-1.3797959725,0.0780753773364,1.90288301888,0.156235020873,-0.00906763335304,-0.0587852887191,0.00140771861339,-0.0911365148487,-0.000392176868037,0.0411425425098,-0.00622592326604,0.574134492713,0.818746690955,0.00204627164188,0.0,0.818704654475,-0.574075344954,-0.0118715609053,0.0,-0.00854525163159,0.00849132819998,-0.999927435377,0.0,0.658936649501,0.257177254256,0.303398510533,1.0,-0.01066,-0.0140102857143,0.534
0.462838022102,0.531437772203,-0.124071955552,-1.38146148356,0.0779768814278,1.90348853792,0.156026877689,-0.00856692581855,-0.0567440885372,0.000324476146334,-0.0917425211606,-0.00369253267655,0.0341866504296,-0.00470236937587,0.574139005131,0.81874360328,0.00201538502755,0.0,0.818701106754,-0.574079925168,-0.0118947139685,0.0,-0.00858189411679,0.00847938045113,-0.999927222952,0.0,0.658736211987,0.256929139378,0.303380053815,1.0,-0.01102,-0.0144834285714,0.552
0.462715590355,0.530485193857,-0.124071290587,-1.38300001975,0.0778790156025,1.90402515765,0.155826314985,-0.0116665906519,-0.0585327059693,0.00235730848493,-0.0928774623092,-0.00722932038973,0.0309909789936,-0.0155565863075,0.574131758081,0.818748793247,0.00197099464798,0.0,0.81870568795,-0.574072831899,-0.0119217068469,0.0,-0.0086295547608,0.00845845789209,-0.999926989972,0.0,0.658545875726,0.25669936985,0.303365462205,1.0,-0.01134,-0.014904,0.568
0.462574981295,0.529440947514,-0.124081673124,-1.3846443275,0.0777776259899,1.90463782894,0.155599582725,-0.00852705634287,-0.0570509247723,-0.000578585903579,-0.0964554715086,-0.00806852100622,0.0410241855369,-0.0142247171156,0.57413060813,0.818749583936,0.00197750216834,0.0,0.818706612058,-0.574071702839,-0.0119126098052,0.0,-0.00861838221499,0.00845855086575,-0.999927085544,0.0,0.658355376236,0.256444453929,0.303371833175,1.0,-0.01168,-0.0153508571429,0.585
0.462463361435,0.528472226327,-0.124080115978,-1.38614814877,0.0776846791954,1.90520056222,0.155407298572,-0.00847702349854,-0.065643254729,-0.000458932283621,-0.0981259365696,-0.00651683541159,0.0436376409715,-0.0143328296433,0.574119958213,0.818756997642,0.00199982380019,0.0,0.818714312265,-0.574060958042,-0.0119011867353,0.0,-0.00859632465898,0.00847015627512,-0.999927177176,0.0,0.658174724854,0.256229251864,0.303386926726,1.0,-0.01198,-0.0157451428571,0.6
0.46232340263,0.527371454034,-0.124080101367,-1.38786914896,0.0775745833354,1.9058646209,0.155147916268,-0.00421406299678,-0.0705363791155,-0.00132535175609,-0.101642605075,-0.0112369548993,0.0406110934332,-0.0118202080186,0.574085752081,0.818780901319,0.00203268143928,0.0,0.818738704598,-0.574026681977,-0.0118763998144,0.0,-0.00855752072118,0.00848247020179,-0.999927405634,0.0,0.657975044497,0.255974573313,0.303400214759,1.0,-0.01232,-0.016192,0.617
0.46217234712,0.526205420507,-0.124077622023,-1.38966911829,0.0774654366519,1.90654768523,0.154919672252,-0.00580569052833,-0.0697130670783,-0.00130116142205,-0.104337175283,-0.00688826106357,0.0384098783621,-0.017048126662,0.574088602788,0.818778798488,0.00207417362746,0.0,0.818737128287,-0.574029351307,-0.0118560323641,0.0,-0.00851699537057,0.00850477975718,-0.999927562132,0.0,0.657764057221,0.255706987515,0.303423123749,1.0,-0.01266,-0.0166388571429,0.634
0.462026601915,0.525090880318,-0.124083322514,-1.39139772893,0.0773520836282,1.90716172645,0.154682553397,-0.00695104531525,-0.0737811205733,-0.000784452044991,-0.103376631893,-0.00760456015203,0.0328727021178,-0.0122198938705,0.574080093833,0.818784777309,0.00206910938045,0.0,0.818743083494,-0.574020905941,-0.0118536776553,0.0,-0.00851806277736,0.00849919301067,-0.999927600542,0.0,0.657554861219,0.255440636416,0.303437737655,1.0,-0.01298,-0.0170594285714,0.65
0.461864238617,0.523920039563,-0.124086415879,-1.3932961102,0.0772281064144,1.9078542516,0.154415773682,-0.00999818329624,-0.0758640798553,0.000915355194733,-0.109491838223,-0.00319036165999,0.0416836123909,-0.00909856051222,0.574065284069,0.818795252056,0.00203266787833,0.0,0.818753128841,-0.57400628958,-0.0118676213362,0.0,-0.00855055248113,0.00847720581135,-0.99992750989,0.0,0.657326583572,0.255149099092,0.303417614004,1.0,-0.01332,-0.0175062857143,0.667
0.461700837774,0.522708587451,-0.124090477338,-1.39521478106,0.0771138938815,1.90858174277,0.154169815071,-0.0132491437418,-0.0721008913455,0.00520729021364,-0.113339267845,-0.00147048632134,0.0444087509101,-0.0152639963177,0.574072717537,0.818790000982,0.00204845635811,0.0,0.818748075137,-0.574013650254,-0.0118602564185,0.0,-0.00853538178562,0.00848598271455,-0.999927565054,0.0,0.657100910313,0.254858401938,0.303419130435,1.0,-0.01366,-0.0179531428571,0.684
0.461534386612,0.521474579043,-0.124092881169,-1.39719597216,0.0769951252427,1.90934507741,0.15390002918,-0.0150670819776,-0.0677536799331,0.000991686300174,-0.114006207747,-0.00318528280386,0.0410492351572,-0.00956418243378,0.574063924936,0.818796136935,0.00205988545125,0.0,0.818754362652,-0.574004815529,-0.0118537879337,0.0,-0.00852361570573,0.00849153571474,-0.999927618279,0.0,0.65686824994,0.254561269221,0.303409476942,1.0,-0.014,-0.0184,0.701
0.46136536958,0.520176294585,-0.124102521628,-1.39922895566,0.0768681845278,1.9100970773,0.153622821651,-0.0103187095223,-0.0827260985722,-0.000790037016698,-0.122440014796,-0.006111565328,0.045028139672,-0.0224523092088,0.57405626118,0.818801484399,0.00207003557194,0.0,0.818759883778,-0.573997153485,-0.0118434542718,0.0,-0.00850940724471,0.00849383469566,-0.999927719768,0.0,0.656624843088,0.254250919707,0.303419169072,1.0,-0.01434,-0.0188468571429,0.718
0.461203325596,0.518932767771,-0.124111274459,-1.40117193809,0.0767417896158,1.9107908341,0.153357892115,-0.0145283856181,-0.0805539150835,0.000339297754076,-0.120404835317,-0.0115225644434,0.0454423200588,-0.018706735327,0.574048404191,0.818807032507,0.00205427936804,0.0,0.81876524445,-0.573989378146,-0.0118496902011,0.0,-0.00852363923916,0.00848443165065,-0.999927678382,0.0,0.65636942521,0.253931919605,0.303425490081,1.0,-0.01468,-0.0192937142857,0.735
0.461026351101,0.517579530716,-0.124117791193,-1.4032901714,0.0765994540856,1.91155250744,0.153067695139,-0.00927269007413,-0.0784918482,-0.000983090123998,-0.124619990328,-0.00728741807217,0.0480835889424,-0.0186570145395,0.574032708046,0.818818051907,0.002048136984,0.0,0.818776297136,-0.57397382121,-0.0118395403243,0.0,-0.00851901635025,0.00847341254963,-0.999927811214,0.0,0.656127437529,0.253626999426,0.303435428542,1.0,-0.015,-0.0197142857143,0.751
0.460829351648,0.516146906866,-0.12412061413,-1.40556370911,0.0764606800424,1.91239790395,0.152752107992,-0.0102730075281,-0.0771717246155,0.000507179736501,-0.133714132655,-0.00847095884453,0.052552385189,-0.0220551435664,0.574020380957,0.818826688982,0.00205001385486,0.0,0.818784937441,-0.573961467032,-0.0118409240642,0.0,-0.00851919970741,0.00847561538999,-0.999927790983,0.0,0.65585319036,0.253280054365,0.303431598641,1.0,-0.01536,-0.0201874285714,0.769
0.460656364029,0.514847960091,-0.12412380545,-1.4076216531,0.0763295276354,1.91317746318,0.152471940408,-0.00938405919832,-0.0802205434262,-4.65215493659e-05,-0.130867515188,-0.00343533272259,0.0536867828835,-0.0157896866156,0.574008032606,0.818835315408,0.00206195191855,0.0,0.818793771469,-0.573949124572,-0.0118283180565,0.0,-0.00850215274078,0.0084780261929,-0.999927915637,0.0,0.655606193018,0.252969291961,0.303430510277,1.0,-0.01568,-0.020608,0.785
0.460459535457,0.513446402754,-0.124122359506,-1.4098867286,0.0762020666018,1.91395502155,0.152159962628,-0.0129566557468,-0.0792040098787,0.000119451013066,-0.128788765849,-0.00474555852637,0.0496336880066,-0.0198121977606,0.5739970863,0.818843151791,0.0019961425121,0.0,0.818800517239,-0.573938213637,-0.0118906180779,0.0,-0.0085910541205,0.00845978552949,-0.999927310267,0.0,0.655316234359,0.252622955829,0.303402084981,1.0,-0.01602,-0.0210548571429,0.802
0.460274822556,0.512103781488,-0.124127823676,-1.41204888136,0.0760720755189,1.91471268608,0.151859263347,-0.0131796716684,-0.0860106631943,0.000441396604842,-0.139791047138,-0.00799229967762,0.0472748276768,-0.01563878607,0.573983969487,0.818852472153,0.00194384218911,0.0,0.81880905889,-0.573925219324,-0.0119295684814,0.0,-0.00865310318708,0.00843917914509,-0.999926949362,0.0,0.655043031013,0.252290272445,0.303379405895,1.0,-0.01634,-0.0214754285714,0.818
0.460079157057,0.51065919048,-0.124131177814,-1.41435852837,0.075932288347,1.91559718446,0.151530467846,-0.00973161773904,-0.0866715350064,0.000384380542379,-0.140541808299,-0.011438980146,0.0553031868227,-0.0194158689169,0.573960502,0.818868888009,0.0019578803055,0.0,0.818825654993,-0.57390169362,-0.011922234982,0.0,-0.00863928281204,0.00844621721464,-0.99992700944,0.0,0.654764679161,0.251942488512,0.303368429951,1.0,-0.01668,-0.0219222857143,0.835
0.459885030762,0.509170283041,-0.124134102165,-1.41671880909,0.0757880479184,1.91646633555,0.151204213842,-0.010849987725,-0.0909849298189,0.000235586691199,-0.141068758352,-0.00904776785527,0.048752180602,-0.0208044264101,0.573938318138,0.818884444384,0.00195464050437,0.0,0.818841127428,-0.5738794852,-0.0119285959298,0.0,-0.00864658003735,0.0084469809506,-0.999926939914,0.0,0.654471151638,0.251588894909,0.303362522169,1.0,-0.01702,-0.0223691428571,0.852
0.459670557718,0.507649674606,-0.124140163295,-1.41910292895,0.0756329757359,1.91730583951,0.15086891776,-0.0114226986558,-0.0885779290975,-0.00094563206689,-0.137201020494,-0.00717369121983,0.0442786032984,-0.0225615861107,0.573925123915,0.818893751916,0.00192927791449,0.0,0.818850107876,-0.573866402066,-0.011941537234,0.0,-0.00867186941415,0.00843350003615,-0.999926834702,0.0,0.654172262012,0.251214134565,0.303364416451,1.0,-0.01736,-0.022816,0.869
0.459449388208,0.506085421363,-0.124143349858,-1.42152799307,0.075478157925,1.91822109232,0.150544587616,-0.0184794294032,-0.100698577064,-5.83842844131e-06,-0.142125299045,-0.0138228177393,0.0554314372146,-0.0100003393866,0.573926526263,0.818892671066,0.00197043807976,0.0,0.818849615912,-0.573867683896,-0.0119136393301,0.0,-0.0086253872615,0.00845120881264,-0.999927087224,0.0,0.653879887595,0.25083757088,0.303383264273,1.0,-0.0177,-0.0232628571429,0.886
0.459229202169,0.504456910221,-0.124149651442,-1.42400720677,0.0753240435181,1.9191761747,0.150200710208,-0.0159343102468,-0.0964433578316,-0.000578358791895,-0.142548135294,-0.0127885331883,0.042952778491,-0.0224939062433,0.573916026748,0.81889982011,0.00205566707775,0.0,0.818857933198,-0.573856895034,-0.0118615412652,0.0,-0.00853391958627,0.00849099140658,-0.999927535015,0.0,0.65358356404,0.250457115498,0.303424182166,1.0,-0.01804,-0.0237097142857,0.903
0.459009563913,0.502878800758,-0.124152826075,-1.4263418397,0.0751702086548,1.92006519898,0.149866503859,-0.0158194533005,-0.101438728295,-0.000433700607644,-0.145482708948,-0.010710579656,0.053407639404,-0.0242914271419,0.573899825497,0.81891090707,0.00215950856553,0.0,0.818870479092,-0.573840392937,-0.0117935917187,0.0,-0.00841884973713,0.00853686240407,-0.999928119891,0.0,0.653287278303,0.250069606561,0.303490565622,1.0,-0.01838,-0.0241565714286,0.92
0.458785994257,0.501181188649,-0.124153635053,-1.42889462637,0.0750007593789,1.92096278663,0.149512607967,-0.0140622285531,-0.105311998539,0.000615639852596,-0.15425066198,-0.0134805994567,0.0493767633267,-0.0321839254499,0.573880745322,0.818924183793,0.00219505100565,0.0,0.818884224253,-0.573821184069,-0.0117738219774,0.0,-0.00838246217421,0.00855442707087,-0.99992827548,0.0,0.652980160211,0.249697727543,0.303539882175,1.0,-0.0187,-0.0245771428571,0.936
0.458543626136,0.499476236817,-0.124156831062,-1.431493535,0.0748464402591,1.92189622649,0.149152671377,-0.012371830653,-0.0955262057708,-5.22140974383e-05,-0.15527429715,-0.0119562155488,0.0537088673884,-0.0156433536068,0.573877378025,0.818926441052,0.00223294392353,0.0,0.818886855718,-0.573817550757,-0.0117678747871,0.0,-0.00835588228161,0.00858201078659,-0.999928261588,0.0,0.652654273104,0.2492902953,0.303573329136,1.0,-0.01904,-0.025024,0.953
0.458288567487,0.497798409776,-0.12415683139,-1.4341350453,0.0746852142522,1.92288191333,0.148767757579,-0.013062972664,-0.098021853792,0.000325961409854,-0.155016216489,-0.0124147539604,0.056186961904,-0.0284001043133,0.573861743193,0.818937346414,0.00225149909559,0.0,0.818897947247,-0.573801790502,-0.0117645277402,0.0,-0.00834265753902,0.00859512586725,-0.999928259365,0.0,0.652329451691,0.24887355046,0.303571455918,1.0,-0.01938,-0.0254708571429,0.97
0.45802093328,0.496140711307,-0.124159771253,-1.43680655561,0.0745137215442,1.92382913096,0.148364373903,-0.0126425698276,-0.0962901488534,-0.000254775963617,-0.153896611977,-0.00581359524422,0.0561290465497,-0.0283636706182,0.573841224975,0.818951888345,0.00219088942165,0.0,0.818911653044,-0.573781458671,-0.0118020801068,0.0,-0.00840840594962,0.00856682992169,-0.999927951472,0.0,0.651992228137,0.248439048448,0.303537449649,1.0,-0.01972,-0.0259177142857,0.987
0.457736216512,0.494372740522,-0.124153652032,-1.43970269624,0.0743336826163,1.924826492,0.147955250529,-0.0166397548918,-0.101961751142,-0.00231130995862,-0.160063184201,-0.0162818856074,0.0487597607423,-0.0284968603295,0.573831857516,0.818958738328,0.00208113357292,0.0,0.818916878761,-0.573772330135,-0.0118830027325,0.0,-0.00853775644416,0.00852328504032,-0.999927227516,0.0,0.651614796957,0.247975772515,0.303476833644,1.0,-0.02278,-0.0299394285714,1.005
0.45742262634,0.492011703048,-0.124235044455,-1.44322593693,0.0741268983296,1.92614741259,0.147447673857,-0.0222466306732,-0.162746355725,-0.00394305149415,-0.234171310088,-0.0183048765789,0.0909099883514,-0.0303385467866,0.573852649015,0.818943844897,0.00220522686237,0.0,0.818903843242,-0.573792873913,-0.011788989407,0.0,-0.00838933837423,0.00857117657496,-0.99992807438,0.0,0.651191937046,0.247393424101,0.303560080274,1.0,-0.03468,-0.0455794285714,1.022
0.457004917861,0.488793842708,-0.124274641615,-1.44836565496,0.0738593550947,1.92810613748,0.146675245334,-0.0289656849242,-0.208595252274,0.000597812876357,-0.338410271621,-0.0202872989388,0.128171050983,-0.0512139936113,0.573776281323,0.818997227797,0.00225094522067,0.0,0.818957511701,-0.573716022469,-0.0118011225053,0.0,-0.0083738445004,0.008614798545,-0.999927829383,0.0,0.650542231698,0.246621020639,0.303522716275,1.0,-0.04658,-0.0612194285714,1.039
0.456369994652,0.484480501851,-0.124359791875,-1.45513349809,0.073461216857,1.93065721492,0.145649126625,-0.0407079954132,-0.279104180004,-0.00578713520217,-0.430025247028,-0.0309738238771,0.160453371466,-0.0693366597391,0.573745408195,0.819018654453,0.0023231734333,0.0,0.818979981768,-0.573684986402,-0.0117504358139,0.0,-0.00829121604163,0.00864455756307,-0.999928261107,0.0,0.649706862736,0.245521874898,0.303521037045,1.0,-0.05848,-0.0768594285714,1.056
0.455605633755,0.479535859347,-0.124502307511,-1.46301347533,0.0729997741581,1.93336350229,0.144453588581,-0.050300976796,-0.325743847551,-0.0099963240109,-0.521398574804,-0.0364026132891,0.175568769875,-0.0799552035021,0.573756063173,0.81901174051,0.0021203256573,0.0,0.818970296105,-0.573696291886,-0.0118728966653,0.0,-0.00850778259669,0.00854879477131,-0.999927265226,0.0,0.64868482114,0.244183463844,0.303438563217,1.0,-0.06968,-0.0915794285714,1.072
0.454548225449,0.472862241204,-0.124663543084,-1.47345816962,0.0723918248096,1.93703008229,0.142942153878,-0.0654011948589,-0.389283016679,-0.00332753389014,-0.607872227032,-0.0323859699647,0.206466701784,-0.0961754314364,0.573841562433,0.818952067544,0.00202957880831,0.0,0.818909206245,-0.573781917558,-0.0119486363736,0.0,-0.00862099082285,0.00851882895037,-0.999926551338,0.0,0.647336728522,0.242406317221,0.303408909994,1.0,-0.08228,-0.108139428571,1.09
0.453602969404,0.466907245761,-0.124748246986,-1.48248313608,0.071851535798,1.94044272517,0.141520953103,-0.0650220554361,-0.449869986561,-0.00287819837785,-0.662445438262,-0.0391092808597,0.26265732958,-0.102809806214,0.57379815335,0.818981715552,0.00231855647004,0.0,0.818942677548,-0.573737424447,-0.0117900627971,0.0,-0.0083257635352,0.00866404791423,-0.999927805362,0.0,0.64620670135,0.240900367411,0.303523850958,1.0,-0.09208,-0.121019428571,1.104
0.452231364604,0.45889126174,-0.124812363087,-1.4949088503,0.0710656497483,1.94484869314,0.13958411898,-0.0859569575238,-0.495227633163,-0.00652003521655,-0.778930116461,-0.0427473812028,0.261909775431,-0.118511368624,0.573750073291,0.819015417028,0.00231235183581,0.0,0.818975990985,-0.573689054788,-0.0118296875227,0.0,-0.00836228652059,0.00868121185962,-0.999927351724,0.0,0.644571093829,0.238788162056,0.303516129944,1.0,-0.10398,-0.136659428571,1.121
0.450457940959,0.448696494533,-0.124980774014,-1.51044652983,0.0699911994735,1.95031556328,0.137150896978,-0.094099725497,-0.574979932291,-0.00895583395062,-0.859128880694,-0.0614531238268,0.316444036415,-0.130831134448,0.573748819879,0.819016175453,0.00235434368298,0.0,0.818977962839,-0.573688338913,-0.0117274498579,0.0,-0.00825447053786,0.00865693278225,-0.999928458056,0.0,0.642520943668,0.236048937763,0.303600512743,1.0,-0.11728,-0.154139428571,1.14
0.448899736843,0.439949193539,-0.12508250631,-1.5238649729,0.0691371558389,1.95499156855,0.13508165006,-0.110093418918,-0.593221414408,-0.00443630779784,-0.931091349393,-0.0665294838375,0.314651148015,-0.148074259073,0.573772076373,0.818999870986,0.00235851652135,0.0,0.818961317917,-0.573711163137,-0.0117731877442,0.0,-0.00828929158144,0.00868682742453,-0.999927910739,0.0,0.640698103936,0.233705998856,0.303609641263,1.0,-0.12778,-0.167939428571,1.155
0.446782844227,0.428430243454,-0.125211645654,-1.54111594644,0.0679760725175,1.96106145481,0.132239713559,-0.125166732715,-0.654464866799,-0.0107180279357,-0.986539137771,-0.0702595858014,0.342126719569,-0.159540792726,0.573705746145,0.819045539254,0.00262075759581,0.0,0.819010477416,-0.573643986674,-0.0116258907745,0.0,-0.00801890653217,0.0088164380149,-0.999928981258,0.0,0.638355486863,0.230628673574,0.30378389635,1.0,-0.14038,-0.184499428571,1.173
0.444523549242,0.416846489265,-0.125334428841,-1.55857306587,0.0667399709821,1.96712571769,0.129324376591,-0.138023484378,-0.70306001586,-0.00843842369018,-1.03886661802,-0.0658220935446,0.376238506333,-0.168781419674,0.573653804677,0.819081549891,0.00273384508512,0.0,0.819048258063,-0.573592010067,-0.0115283932976,0.0,-0.00787473416541,0.00885262817229,-0.999929807305,0.0,0.635940805396,0.227440989642,0.303871271247,1.0,-0.15228,-0.200139428571,1.19
0.442324619923,0.405938572329,-0.12545699353,-1.57500523462,0.0656183809644,1.97284755859,0.126587927037,-0.152939042471,-0.730455571925,-0.00292265816814,-1.11626770339,-0.06896608905,0.381882301485,-0.178623400384,0.573668031329,0.819071078568,0.00288183714574,0.0,0.819039604293,-0.573605650754,-0.011464332713,0.0,-0.00773721425434,0.0089372320029,-0.999930128259,0.0,0.633636203997,0.224409458432,0.303927855007,1.0,-0.16278,-0.213939428571,1.205
0.439563240449,0.392769644617,-0.125596425635,-1.59460769095,0.0642702732123,1.97955140095,0.12322613208,-0.169703997508,-0.781366715153,-0.00672759924569,-1.18409009401,-0.0821389771666,0.40153358928,-0.204903995098,0.573682143865,0.819060392028,0.00310143868085,0.0,0.819031450253,-0.573618736171,-0.0113919231267,0.0,-0.00755177508075,0.00907569343793,-0.999930298812,0.0,0.630832256545,0.220718731037,0.304050308678,1.0,-0.17468,-0.229579428571,1.222
0.436540995094,0.378971112929,-0.12575760985,-1.61529988034,0.062676448382,1.98643936483,0.11954989808,-0.185508219495,-0.862675463675,-0.00741533105518,-1.23447153689,-0.0907171482712,0.424868264549,-0.222493128911,0.573601360217,0.81911731894,0.00300736950296,0.0,0.8190876932,-0.573538872378,-0.0113692400881,0.0,-0.00758804423914,0.00898488391479,-0.999930844332,0.0,0.627789821661,0.216729581801,0.304048681594,1.0,-0.18658,-0.245219428571,1.239
0.433174833847,0.364483630603,-0.125910447983,-1.63691688125,0.0610753533492,1.99356330321,0.115706685094,-0.20494562651,-0.847499816231,-0.00719835602544,-1.26870291508,-0.0906620630774,0.425279598025,-0.228827817802,0.573658399938,0.819077530883,0.00296403184655,0.0,0.819047108877,-0.573595755602,-0.0114231999257,0.0,-0.00765647771418,0.00898086921563,-0.999930358744,0.0,0.624553493124,0.212472299811,0.304037002509,1.0,-0.19848,-0.260859428571,1.256
0.429671189678,0.350221603855,-0.126109029999,-1.65823595782,0.0594509305752,2.00047231857,0.111769179809,-0.225674894739,-0.891960523593,-0.0137303962232,-1.3528221145,-0.0992717036754,0.424240512973,-0.255132859891,0.573728812022,0.819028836432,0.00278608151831,0.0,0.818995977675,-0.573666562805,-0.01153300365,0.0,-0.00784773184486,0.00889877736916,-0.999929609956,0.0,0.621302898815,0.208144959296,0.303947741287,1.0,-0.20968,-0.275579428571,1.272
0.425624548932,0.334279821646,-0.126305057939,-1.68151935313,0.0576595597258,2.00803888741,0.107337157569,-0.247523935066,-0.942024296636,-0.00829525314468,-1.40449130292,-0.114174451864,0.443588895054,-0.262602743528,0.573813721523,0.818968843098,0.0029315401424,0.0,0.818937785325,-0.5737509051,-0.0114695058648,0.0,-0.00771134260617,0.00898228177286,-0.999929924449,0.0,0.617711250428,0.203332996402,0.304028935345,1.0,-0.22158,-0.291219428571,1.289
0.420828978325,0.315706684522,-0.126472993973,-1.7084668979,0.0554375114283,2.01659084179,0.102042053826,-0.262794771627,-0.993046208201,-0.011742805116,-1.45531960909,-0.129689481985,0.455377000807,-0.288347285263,0.573716406356,0.819036729654,0.00301122160997,0.0,0.81900700484,-0.57365371635,-0.0113880042867,0.0,-0.00759994164337,0.008999869762,-0.999930619209,0.0,0.613644888455,0.198055689241,0.304110879313,1.0,-0.23418,-0.307779428571,1.307
0.416750392087,0.300573211582,-0.126574335911,-1.73024032889,0.0536519456316,2.023441813,0.0975120798747,-0.278702286633,-1.00906252066,-0.0104123467598,-1.49378461946,-0.117400691151,0.449175048977,-0.308385682575,0.573523460657,0.8191714289,0.0031236278841,0.0,0.819143005143,-0.573460287887,-0.0113482264136,0.0,-0.00750501079579,0.00906734659152,-0.99993072662,0.0,0.609852097438,0.193171027129,0.304166152167,1.0,-0.24538,-0.322499428571,1.323
0.411691901359,0.282797314704,-0.126750155803,-1.75564111484,0.0515803576002,2.0312156036,0.0922389601797,-0.304984003068,-1.04823207674,-0.0077719780391,-1.52337015387,-0.120392451441,0.454323469488,-0.318612563928,0.573546565789,0.819154855714,0.00322585390786,0.0,0.819127162485,-0.573482379317,-0.0113753766318,0.0,-0.00746836841836,0.00916686925051,-0.999930093547,0.0,0.605367384648,0.187321464575,0.304222781696,1.0,-0.25798,-0.339059428571,1.341
0.405853692262,0.263316300375,-0.126984256325,-1.78326203421,0.049186613629,2.0394917227,0.0861838204344,-0.332048005501,-1.09984394539,-0.0143858433301,-1.55805401064,-0.132528909836,0.454730491223,-0.333656667121,0.573520541383,0.819172900558,0.00327024543978,0.0,0.819145676819,-0.573456103698,-0.0113668017104,0.0,-0.0074361768886,0.0091980787764,-0.999930046863,0.0,0.600919777722,0.181475962706,0.30427407285,1.0,-0.26988,-0.354699428571,1.358
0.400548181597,0.246685521142,-0.127208829631,-1.8067483411,0.0470714406516,2.04641819721,0.0809505656486,-0.356929321941,-1.10684808847,-0.00812243321035,-1.54781087246,-0.139981524751,0.438546831286,-0.3582240035,0.573638874301,0.819090135268,0.00324639788557,0.0,0.819062779417,-0.573574705969,-0.0113563615788,0.0,-0.00743997527162,0.00917363076827,-0.9999302432,0.0,0.596854450269,0.176045190675,0.304266062173,1.0,-0.28038,-0.368499428571,1.373
0.394221601839,0.227230618217,-0.127392236443,-1.83384499218,0.0446719185171,2.05422219182,0.0745851787564,-0.377750332876,-1.15634461196,-0.00506704924469,-1.60700335824,-0.143683797293,0.446020055624,-0.385267733026,0.573568547651,0.81913892907,0.00335900711707,0.0,0.819112342656,-0.573503217035,-0.0113919734772,0.0,-0.00740535014235,0.00928566064859,-0.99992946616,0.0,0.59201892649,0.169777817426,0.304309379817,1.0,-0.29228,-0.384139428571,1.39
0.386575957222,0.204840250229,-0.127659334641,-1.86484695834,0.0417033444127,2.06279353395,0.067020805141,-0.424063009561,-1.18721163613,-0.0148644216911,-1.64286617833,-0.167268611494,0.435533547456,-0.407692767967,0.57346758163,0.819210163944,0.00322288850691,0.0,0.819181740629,-0.573402567257,-0.0114681552236,0.0,-0.00754696207946,0.00921692411316,-0.999929043319,0.0,0.586324413883,0.162394551728,0.304279708522,1.0,-0.30558,-0.401619428571,1.409
0.379591660447,0.18543869291,-0.127947628873,-1.89129940188,0.0391665749069,2.06988413908,0.0602599599528,-0.446543072805,-1.22364399367,-0.0235832231938,-1.67270824702,-0.163288938998,0.42539272726,-0.427989765781,0.57348335364,0.819199184167,0.00320728212601,0.0,0.819170100842,-0.573417827131,-0.0115363909678,0.0,-0.00761163586891,0.00924341576809,-0.999928308562,0.0,0.581358700085,0.155882778338,0.304302729802,1.0,-0.31678,-0.416339428571,1.425
