position_joint1,position_joint2,position_joint3,position_joint4,position_joint5,position_joint6,position_joint7,velocity_joint1,velocity_joint2,velocity_joint3,velocity_joint4,velocity_joint5,velocity_joint6,velocity_joint7,ee_T_00,ee_T_10,ee_T_20,ee_T_30,ee_T_01,ee_T_11,ee_T_21,ee_T_31,ee_T_02,ee_T_12,ee_T_22,ee_T_32,ee_T_03,ee_T_13,ee_T_23,ee_T_33,v_x,v_y,time
0.465060035158,0.547766411221,-0.12397178165,-1.35583520397,0.0796039898439,1.89410477111,0.159165197871,0.000574812135224,0.00173386335412,0.000167700344433,0.000605141227002,-3.09090814018e-05,0.000562980265754,0.00047625889795,0.573837833613,0.81895470333,0.0020202747376,0.0,0.818911438962,-0.573777950082,-0.0119860768164,0.0,-0.00865703156044,0.00853265472638,-0.999926122075,0.0,0.661671688782,0.260908209097,0.30322380361,1.0,0.0,0.0,0.0
0.465060928418,0.547750954896,-0.123975346463,-1.35583985539,0.0796007463241,1.89410264345,0.159164479958,6.21587188587e-05,-0.00162658742486,-0.000811828435085,-0.00670533694626,-0.00030557556959,-0.00050495893163,-0.00186621300413,0.573838356541,0.818954323606,0.00202566309839,0.0,0.818911170974,-0.573778491171,-0.0119784817174,0.0,-0.00864771397174,0.00853271468366,-0.999926202189,0.0,0.661671376189,0.260905719722,0.303232466273,1.0,-0.00014,-0.000184,0.008
0.465057795048,0.547763075994,-0.123972562523,-1.3558436991,0.0796028124672,1.89410430599,0.15916367053,-0.000857437455176,0.00195317601864,0.00376476330996,-0.00154229647725,-0.000269565909875,0.000259526978135,-0.000281003146307,0.573839105738,0.818953824915,0.00201501483653,0.0,0.818910496597,-0.573779248803,-0.0119882904639,0.0,-0.00866184939782,0.0085296309014,-0.999926106151,0.0,0.661670565783,0.260905086809,0.303222106323,1.0,-0.00036,-0.000473142857143,0.019
0.465062680417,0.547759751924,-0.123972890642,-1.35585213695,0.0796023169969,1.89410355149,0.15916367053,0.00193627421743,0.00240969710705,-0.000206827711025,-0.00437775032979,0.000211264040488,0.000134393128878,-0.000323525189741,0.573835652378,0.81895625692,0.0020100277702,0.0,0.818912859033,-0.573775812473,-0.0119913815719,0.0,-0.00866727852242,0.00852728403188,-0.999926079123,0.0,0.661667396517,0.260907038733,0.303220389562,1.0,-0.0007,-0.00092,0.036
0.465058929518,0.547725849958,-0.123972676806,-1.35587199831,0.0796008863776,1.89410686957,0.159159410193,-0.000430860130992,-0.00127698290533,-0.000186014871378,-0.00128972355797,0.000108744044384,0.000111229555228,-0.0013771747533,0.573835753864,0.818956147646,0.00202551784605,0.0,0.818912949866,-0.573775846754,-0.0119835355694,0.0,-0.00865196348499,0.00853546829596,-0.999926141927,0.0,0.661665414322,0.260902765629,0.303235231335,1.0,-0.00096,-0.00126171428571,0.049
0.465063766299,0.547578957284,-0.123967915957,-1.35605235661,0.0796025478333,1.89413098367,0.159163567112,0.00116683168829,-0.0119363797868,0.00125920044946,-0.0081709965696,0.000343979781017,0.00375584975853,0.00106341477888,0.573842065238,0.818951719392,0.0020278975355,0.0,0.818908357769,-0.573781955054,-0.0120048545116,0.0,-0.00866799211646,0.00854971735489,-0.999925881376,0.0,0.661630308233,0.26089114673,0.303255386709,1.0,-0.00138,-0.00181371428571,0.07
0.465053109396,0.547480670054,-0.123970498748,-1.35620495402,0.0795994497223,1.89416689613,0.1591603966,-0.000837133471493,-0.00789756905525,0.000608098703778,-0.0114260891999,0.000471891115068,0.000410923381812,0.00108308648835,0.573857587454,0.818940873172,0.00201555725239,0.0,0.818897278922,-0.573797457161,-0.0120196352495,0.0,-0.00868701621225,0.00854825781631,-0.999925728761,0.0,0.661608624779,0.260867710976,0.303255579732,1.0,-0.00164,-0.00215542857143,0.083
0.46502717191,0.547268735757,-0.123977847157,-1.35647854597,0.0795958762641,1.89431326703,0.159142057193,-0.00109340602741,-0.00881716865023,0.0036291453828,-0.0112550539108,-0.000403122312419,0.0116440753118,-0.00249941397368,0.573883579431,0.8189224678,0.00209186356681,0.0,0.818879860098,-0.573823115464,-0.0119813933475,0.0,-0.00861163833953,0.0085890752121,-0.999926031,0.0,0.661589344095,0.260825980624,0.303288431992,1.0,-0.00208,-0.00273371428571,0.105
0.46501999087,0.547135113873,-0.123967742359,-1.35664217864,0.0795909899862,1.89439382565,0.159139611216,-0.00358201274736,-0.0129063800256,0.00193655935546,-0.0168943275878,8.36591933299e-05,0.00271366845508,0.000582450401051,0.573888352843,0.818918998694,0.00213984818313,0.0,0.818876954474,-0.573827626911,-0.0119639009519,0.0,-0.00856972677693,0.00861838170466,-0.999926138912,0.0,0.661571245064,0.260814096441,0.303311847959,1.0,-0.00232,-0.00304914285714,0.117
0.464991104867,0.54688415182,-0.123975401241,-1.35698922178,0.0795869908557,1.89454085545,0.159117435084,-9.56275080097e-05,-0.0121922596557,-0.000703943784991,-0.0217461296305,4.88373214641e-05,0.00686345756063,-0.00257687498657,0.573917654262,0.818898330444,0.00219030220889,0.0,0.818856862601,-0.573856635468,-0.0119476944424,0.0,-0.00852719175017,0.00865070331601,-0.999926223445,0.0,0.661537113702,0.260761996842,0.303337432246,1.0,-0.00272,-0.00357485714286,0.137
0.464967618658,0.546692394086,-0.123973273431,-1.35727978006,0.0795811739972,1.89464705092,0.159094945776,0.00104951220001,-0.0148124381446,-0.00080430942196,-0.022942964084,-0.00154457765271,0.0112228970679,0.000564435695598,0.573931692769,0.818888456134,0.00220348507692,0.0,0.81884704332,-0.573870499773,-0.0119547495904,0.0,-0.0085252554908,0.00866569375074,-0.999926110155,0.0,0.661502656237,0.260721987337,0.303344085307,1.0,-0.00298,-0.00391657142857,0.15
0.46492174917,0.546346613131,-0.123973868938,-1.35780485839,0.0795706235246,1.89484236198,0.158941337399,3.11985859073e-05,-0.0132872130788,0.000451885112422,-0.026981866286,0.000453524810734,0.00957930329205,-0.00391583483207,0.573870471729,0.818931289725,0.00222963883335,0.0,0.818890024285,-0.573808982544,-0.0119635521223,0.0,-0.00851810437873,0.00869152563718,-0.999925946898,0.0,0.661442924114,0.260645063637,0.30335599773,1.0,-0.0034,-0.00446857142857,0.171
0.464886606745,0.546122750474,-0.123970452682,-1.35817186278,0.0795552259001,1.89496807664,0.158937482733,-0.00123706835787,-0.0163668375422,0.000645188783099,-0.0272563144165,-0.00578613543767,0.00814513390384,0.000402239339646,0.573910108665,0.818903542027,0.0022187672493,0.0,0.818862042131,-0.573848564501,-0.0119803120978,0.0,-0.00853764798666,0.00869265385918,-0.999925770413,0.0,0.661398891188,0.260589207912,0.303350609763,1.0,-0.00366,-0.00481028571429,0.184
0.46482212929,0.545738642678,-0.123973933757,-1.3588305217,0.0795346447318,1.89519340607,0.158862198679,-0.00397453303993,-0.0186963673663,0.00241408472751,-0.0343531223383,0.00087476392117,0.00738585016448,-0.00301108275194,0.573935020843,0.818886170909,0.00218582818088,0.0,0.818844048234,-0.573873414047,-0.0120198262657,0.0,-0.00858864618305,0.00868861891752,-0.999925368744,0.0,0.661321458026,0.260483359749,0.303328719236,1.0,-0.00406,-0.005336,0.204
0.464758420336,0.545433247304,-0.123971178909,-1.35934881041,0.0794831736527,1.89537060875,0.158776606929,-0.0105912322887,-0.0207730567685,-0.000394132240607,-0.0426226035484,0.000131643133105,0.0123306355482,0.000265378842941,0.573930420643,0.81888950353,0.00214480067495,0.0,0.818846981492,-0.5738691235,-0.012024844979,0.0,-0.00861635034288,0.00865785458606,-0.999925397248,0.0,0.661264626432,0.260388997709,0.303313442366,1.0,-0.00434,-0.005704,0.218
0.464681263684,0.544950840145,-0.123974370811,-1.36016821174,0.0794316727382,1.89563847199,0.158698209551,-0.00751450380965,-0.0254118731723,0.00207650877679,-0.0452361726714,-0.00234832877814,0.015430112943,-0.00810469408565,0.573963550926,0.818866440782,0.00208357169641,0.0,0.818823089368,-0.573902479099,-0.0120598384178,0.0,-0.00867979711264,0.00862815041389,-0.999925105267,0.0,0.661166134678,0.260255031748,0.303288193772,1.0,-0.00474,-0.00622971428571,0.238
0.464624265311,0.544615759026,-0.123977156333,-1.36071939052,0.0794094586076,1.89582936184,0.158617031557,-0.0055504210769,-0.0254527953388,0.000535709384569,-0.0458944538937,-0.000603456692628,0.017580991182,-0.00604443357547,0.573970504771,0.818861607539,0.00206742677551,0.0,0.818817930909,-0.573909387891,-0.0120812835865,0.0,-0.0087065512916,0.00862731265555,-0.999924879899,0.0,0.661103011388,0.260164063317,0.303279646826,1.0,-0.005,-0.00657142857143,0.251
0.464540973881,0.54405941577,-0.12398604702,-1.36162907937,0.0793729212684,1.89616094121,0.15850966531,-0.00804659729466,-0.0325838482067,-0.00039006334352,-0.0480513625922,-0.00223276362925,0.0168710415593,-0.00330337479233,0.57399805583,0.818842324603,0.0020557829111,0.0,0.818798354704,-0.573936846155,-0.012103630084,0.0,-0.0087312431372,0.00863089797345,-0.999924633657,0.0,0.661000271372,0.260019759138,0.303269406682,1.0,-0.0054,-0.00709714285714,0.271
0.464479693811,0.54363967624,-0.123990695346,-1.36231185701,0.0793376599414,1.89639729932,0.158433940825,-0.00397100804081,-0.029462620055,-0.00128867167619,-0.0482399853522,-0.00189732323954,0.0133873572644,-0.0101508876171,0.574018070808,0.81882834605,0.00203494288748,0.0,0.818784040307,-0.573956886859,-0.0121216445697,0.0,-0.00875774530352,0.00862438783633,-0.999924458063,0.0,0.660920274183,0.259911354194,0.303262042664,1.0,-0.00568,-0.00746514285714,0.285
0.464379992771,0.542996909339,-0.123990986321,-1.36332614032,0.0792797525896,1.89675639011,0.158289657523,-0.00911840757202,-0.0371203492183,0.00121042706369,-0.0528975921584,-0.00132928742167,0.0141153019457,-0.00752056098726,0.574022726566,0.818825103564,0.00202634141844,0.0,0.818780621605,-0.573961517019,-0.0121333246004,0.0,-0.00877219766993,0.00862409919621,-0.999924333868,0.0,0.660804430499,0.259748332688,0.303265097283,1.0,-0.00608,-0.00799085714286,0.305
0.464331444922,0.54251844971,-0.123995345314,-1.36407400001,0.079237128196,1.89702495387,0.158197063673,-0.00465130813426,-0.0354992717345,9.09669452765e-05,-0.0548161096674,-0.00075926426354,0.0124695615526,-0.00420725763184,0.574019905301,0.818827082389,0.00202592332515,0.0,0.818782575085,-0.573958678412,-0.0121357782569,0.0,-0.00877447656419,0.00862513506344,-0.999924304938,0.0,0.660714239844,0.259642562808,0.303270959482,1.0,-0.00636,-0.00835885714286,0.319
0.46423728491,0.541805801055,-0.124000968632,-1.36517759616,0.0791799365243,1.89743616017,0.158053132864,-0.00318637437988,-0.045158781493,-0.00151760978801,-0.0598018020177,-0.00153642643613,0.0181551683294,-0.00261012288156,0.574029195778,0.81882051796,0.00204662262491,0.0,0.818776220632,-0.573967817032,-0.0121322891434,0.0,-0.00875964041038,0.00864018046808,-0.999924305126,0.0,0.660589463027,0.259474098839,0.303285458774,1.0,-0.00676,-0.00888457142857,0.339
0.464169219109,0.541273885919,-0.124002011151,-1.36599333532,0.0791319995616,1.89774109871,0.157933965473,-0.00678753210561,-0.0342060306221,-0.00284566624141,-0.0632034021927,-0.00583790036792,0.020456437278,-0.00341233948526,0.574020590284,0.81882650444,0.00206505635569,0.0,0.818782440613,-0.573959124565,-0.0121237442427,0.0,-0.00874215349444,0.0086502772542,-0.999924370868,0.0,0.6604966335,0.259351620663,0.30329971594,1.0,-0.00704,-0.00925257142857,0.353
0.464076034751,0.540443773211,-0.124003001988,-1.36724180601,0.0790587528653,1.89819754653,0.157790323203,-0.00460083992595,-0.043786197198,0.000316934918416,-0.0601772954024,0.000236006010784,0.0196458359621,-0.00275396521546,0.574029556092,0.818820133212,0.00209882856467,0.0,0.818776486424,-0.573967918123,-0.0121095477032,0.0,-0.00871104891639,0.00866987669232,-0.99992447258,0.0,0.660349718798,0.259171325549,0.303331827515,1.0,-0.00744,-0.00977828571429,0.373
0.463998020604,0.539881254943,-0.124003093949,-1.36808949961,0.0790045659538,1.89851464891,0.157669910677,-0.0089983996073,-0.0405400877424,-0.000433568375767,-0.0712802051847,-0.00514088187412,0.0281047548644,-0.0128846536543,0.574027367336,0.818821601269,0.00212455767158,0.0,0.818778321081,-0.57396564891,-0.0120930434441,0.0,-0.0086827892451,0.00868144679943,-0.999924617985,0.0,0.660255150336,0.259039268255,0.30335335007,1.0,-0.0077,-0.01012,0.386
0.463883813902,0.539011621122,-0.124013671482,-1.36945920455,0.0789291574423,1.89903748394,0.157498445341,-0.00545086546401,-0.0440898814726,-0.00154845772873,-0.0725762540464,-0.00704311918344,0.0203216071126,-0.00874326142937,0.574043663669,0.818810126138,0.00214393002306,0.0,0.818767097391,-0.573981858414,-0.0120835980739,0.0,-0.00866376232839,0.0086920596197,-0.999924690825,0.0,0.660101769394,0.258829826692,0.30336150865,1.0,-0.0081,-0.0106457142857,0.406
0.46379696541,0.538419649275,-0.123998459762,-1.37037261082,0.0788743706026,1.89939537978,0.157387885405,-0.00815699753667,-0.0478454578847,0.00170745666974,-0.0675195954187,-0.00258880144293,0.0265187306164,-0.0116717377958,0.574047836843,0.818807129647,0.00217079628477,0.0,0.818764435223,-0.573985899776,-0.0120720078232,0.0,-0.00863880593982,0.00870744841669,-0.999924772857,0.0,0.659990481648,0.258683005731,0.303373822927,1.0,-0.00838,-0.0110137142857,0.42
0.463665724956,0.537447120283,-0.124014824695,-1.3719199538,0.0787809031649,1.89997371562,0.157200136892,-0.00441741946399,-0.0447813875927,-0.000930671603138,-0.0725558191272,-0.00982923268085,0.0230156897281,-0.0111923343015,0.574075162678,0.818787959253,0.00217538019088,0.0,0.818745360227,-0.574013238473,-0.012065822221,0.0,-0.00863081909479,0.0087079389472,-0.999924837556,0.0,0.659824793198,0.258453184606,0.303376388615,1.0,-0.00878,-0.0115394285714,0.44
0.463584404849,0.536798865556,-0.124017282959,-1.37291313718,0.0787305816134,1.90034917016,0.157077361323,-0.00597092520993,-0.0457018889357,-0.000681135148166,-0.0731097908549,-0.00666745835413,0.0286477052332,-0.00928648512855,0.574084237663,0.818781515294,0.00220571568245,0.0,0.818739244473,-0.574022115287,-0.0120585082458,0.0,-0.00860731978946,0.008728673559,-0.999924859329,0.0,0.659710859898,0.258306044566,0.30339397115,1.0,-0.00904,-0.0118811428571,0.453
0.463436361298,0.535796047994,-0.124012686378,-1.37449880125,0.0786383854663,1.90092634075,0.156894140948,-0.00505389633255,-0.0508674743105,0.00190155108967,-0.0840195318581,-0.0137999799532,0.0285341518406,-0.00369758028358,0.574114690752,0.818760169062,0.00220325247445,0.0,0.818717779755,-0.574052487358,-0.0120700361388,0.0,-0.00861784818667,0.00873359518811,-0.999924725671,0.0,0.659526715162,0.258060238406,0.30339693464,1.0,-0.00944,-0.0124068571429,0.473
0.4633427247,0.535106716416,-0.124023703286,-1.37557720906,0.0785784115605,1.90132221621,0.156758801735,-0.0101857560346,-0.0518473976255,-0.00023942596983,-0.0805515593195,-0.00482303639097,0.027338795174,-0.00552597485515,0.574131442174,0.818748407393,0.00220893615542,0.0,0.818706084921,-0.57406920508,-0.0120681892974,0.0,-0.00861289436945,0.00873736461873,-0.999924735423,0.0,0.659403350013,0.257890280774,0.303404738924,1.0,-0.0097,-0.0127485714286,0.486
0.463184206784,0.533994149143,-0.124024481638,-1.37739932671,0.0784850194685,1.90197852864,0.15653842849,-0.00352633651992,-0.0552160196622,0.000879490835154,-0.0878120852442,-0.00630488255111,0.0322264589919,-0.0104724106824,0.574156228393,0.818731127042,0.00217115423316,0.0,0.818688102496,-0.574093938516,-0.0121114611382,0.0,-0.00866975066257,0.00873153709598,-0.999924294976,0.0,0.659186113435,0.257613037099,0.30337926477,1.0,-0.01012,-0.0133005714286,0.507
0.463083417389,0.533292923843,-0.124030101751,-1.37853295317,0.0784178339346,1.90240750811,0.156381169924,-0.00701101835832,-0.0580219053316,-0.000459961201027,-0.0873020481738,-0.00164629259383,0.0349114276549,-0.0173387542523,0.574158093186,0.818729832128,0.00216631334601,0.0,0.818686754827,-0.574095834482,-0.0121126876172,0.0,-0.00867351422332,0.0087282977156,-0.999924290619,0.0,0.65905726588,0.257436205674,0.303371596228,1.0,-0.01038,-0.0136422857143,0.52
0.462932103436,0.532187197776,-0.124028052543,-1.38035326701,0.0783116370554,1.90308723412,0.156163026734,-0.00615317152912,-0.0525124848367,0.000370298573934,-0.0935024581157,-0.00330181892491,0.0279302179266,-0.0111519662995,0.57417305015,0.818719421033,0.00213658748896,0.0,0.818675882457,-0.574110845176,-0.012136055202,0.0,-0.00870955372545,0.0087175363197,-0.999924071235,0.0,0.658842210112,0.257165048175,0.303343634894,1.0,-0.01078,-0.014168,0.54
0.462802827039,0.531183971583,-0.124028208795,-1.38195672572,0.0782249577517,1.90366754264,0.155953988954,-0.00531373691509,-0.0561686037164,-0.000234440257529,-0.0975137499124,-0.0087083616494,0.0329087281907,-0.00999651363706,0.574171990998,0.81872019462,0.00212475322651,0.0,0.818676361401,-0.574109697986,-0.0121579958678,0.0,-0.00873432347268,0.00872043382968,-0.999923829913,0.0,0.658648425882,0.256927973143,0.303337834828,1.0,-0.01112,-0.0146148571429,0.557
0.462669391454,0.530141212997,-0.124033301299,-1.38360901822,0.0781183924573,1.90425030841,0.155741967276,-0.00699844544806,-0.0622298112894,-0.00128506379364,-0.0965785044763,-0.00256857936643,0.0340274751978,-0.0138577050698,0.574172316822,0.818720036556,0.00209743624372,0.0,0.818675860371,-0.574110158167,-0.0121699974328,0.0,-0.0087598299433,0.00870496364062,-0.999923741586,0.0,0.658447602909,0.256677010514,0.303336749427,1.0,-0.01146,-0.0150617142857,0.574
0.462563633351,0.529350167479,-0.124030740611,-1.38486037626,0.0780444835209,1.90471740955,0.155573512019,-0.010591078845,-0.0667615937868,0.000893072980625,-0.101970687784,-0.00171475836891,0.0435438581727,-0.0111241486986,0.574167332477,0.818723514898,0.00210413184403,0.0,0.818679384444,-0.57410510332,-0.0121713897944,0.0,-0.00875717880678,0.00871119149108,-0.999923710571,0.0,0.658299742657,0.256490444976,0.303338731942,1.0,-0.01172,-0.0154034285714,0.587
0.462393037975,0.528072238634,-0.124033984171,-1.38686460054,0.0779241634275,1.90548111601,0.155299482011,-0.00866345582179,-0.0615086643018,-0.00103720170939,-0.0967462831562,-0.00210891199303,0.0373894708269,-0.0137094311695,0.574161390831,0.818727603571,0.00213432211131,0.0,0.81868388309,-0.574099044893,-0.0121545515767,0.0,-0.00872612260415,0.00872617735799,-0.999923851407,0.0,0.658067851994,0.256187481753,0.303350910247,1.0,-0.01212,-0.0159291428571,0.607
0.462265242433,0.527124017115,-0.124031478517,-1.38831148803,0.0778300120212,1.90602950625,0.155095479077,-0.0117005226297,-0.0672609329314,0.00115311990383,-0.104987169577,-0.0119778154747,0.0316107948745,-0.0197260523324,0.574150169172,0.818735369891,0.00217352955763,0.0,0.818692217562,-0.574087709884,-0.0121285268768,0.0,-0.0086824244962,0.00874321582561,-0.999924082959,0.0,0.65790058522,0.255967531412,0.30337708738,1.0,-0.0124,-0.0162971428571,0.621
0.462097638797,0.525749807338,-0.124040715014,-1.3904341389,0.0776996135668,1.90681742218,0.154804093343,-0.0102628253774,-0.0697186201728,8.93373663628e-06,-0.106377951911,-0.00870717791537,0.0425454909399,-0.0182963538487,0.574134783661,0.818746077745,0.00220392121755,0.0,0.818703363873,-0.574072237211,-0.0121084824852,0.0,-0.00864872907303,0.00875642727498,-0.999924259365,0.0,0.657648203031,0.255650359837,0.303402255151,1.0,-0.0128,-0.0168228571429,0.641
0.461975972557,0.524795909198,-0.124049563271,-1.39195310434,0.0775942887389,1.90736333509,0.154590686127,-0.0050711157694,-0.0672277077406,-0.00342458060552,-0.107072034597,-0.00881280784162,0.0428226259375,-0.015521981556,0.574119201114,0.818757073392,0.00217820643253,0.0,0.818714131607,-0.574056876233,-0.0121086934596,0.0,-0.00866383084472,0.00873532998559,-0.999924313158,0.0,0.657464365378,0.255417458749,0.303397786614,1.0,-0.01308,-0.0171908571429,0.655
0.461784924687,0.52338152296,-0.124050205414,-1.39419550407,0.0774583153606,1.9081844948,0.154294467419,-0.00479528906195,-0.0759735511613,-0.00466211890421,-0.114927447627,-0.00268612222176,0.0449848002345,-0.00560951801396,0.574117336329,0.818758398627,0.00217156751265,0.0,0.818715321434,-0.574054991243,-0.0121176061868,0.0,-0.00867495968709,0.00873499155644,-0.999924219627,0.0,0.657194475075,0.255077632304,0.303396114158,1.0,-0.01348,-0.0177165714286,0.675
0.461668347634,0.522460561878,-0.124050944245,-1.39568551392,0.0773727532706,1.90876078707,0.154094421697,-0.00977651879912,-0.072843521889,-0.000220702185372,-0.115153863507,-0.00170465694425,0.0475335083069,-0.0127139340794,0.574106568517,0.818765931941,0.00217797607977,0.0,0.818722906283,-0.574044164744,-0.0121180259197,0.0,-0.00867173928373,0.00874036546292,-0.999924200602,0.0,0.657017453334,0.254861064944,0.303384202983,1.0,-0.01374,-0.0180582857143,0.688
0.461467228936,0.520994228274,-0.124047873224,-1.39803868988,0.0772263637885,1.90966400443,0.153784113286,-0.00851874342298,-0.0747839663417,0.00136413091688,-0.121659747413,-0.00648813010139,0.0388639103779,-0.0221264859001,0.574101577227,0.818769405838,0.00218769054968,0.0,0.818726529797,-0.574039155174,-0.0121105175259,0.0,-0.00866006793728,0.0087439558529,-0.999924270362,0.0,0.656740016097,0.254508270759,0.303372565279,1.0,-0.01414,-0.018584,0.708
0.461327603692,0.519917099696,-0.124058854773,-1.39971577348,0.0771186885403,1.91028036947,0.15355057603,-0.00957711662434,-0.0780470183388,0.000171706234427,-0.121568649847,-0.0111552026814,0.0498434955429,-0.0152601108533,0.574092763068,0.818775563947,0.00219594586313,0.0,0.818732869843,-0.574030381634,-0.0120977560592,0.0,-0.00864497384054,0.00874329559702,-0.999924406748,0.0,0.656539315808,0.254249694804,0.30338451557,1.0,-0.01442,-0.018952,0.722
0.461126227981,0.518331288045,-0.124064199849,-1.40216731519,0.0769627254528,1.91115224907,0.153220624991,-0.00771097407052,-0.0769221588289,-0.000181080904347,-0.124184047029,-0.00785118484451,0.0446964383945,-0.0194204979868,0.574079208527,0.818785062993,0.00219769375871,0.0,0.818742390802,-0.574016820441,-0.0120968696775,0.0,-0.00864338942928,0.0087440747629,-0.999924413631,0.0,0.656236327047,0.253878234537,0.303406542924,1.0,-0.01482,-0.0194777142857,0.742
0.460985971183,0.51729274712,-0.12407021041,-1.40380904572,0.076856117285,1.91173732041,0.15299143867,-0.00898443015152,-0.0842686962597,-0.00145283073967,-0.123403515042,-0.00695190867698,0.0504688726561,-0.0153146041576,0.574068752572,0.818792447566,0.0021776203278,0.0,0.818749536135,-0.574006475047,-0.0121041556682,0.0,-0.00866098982786,0.00873171129117,-0.999924369377,0.0,0.656034498327,0.253623983967,0.303404739888,1.0,-0.01508,-0.0198194285714,0.755
0.460774424515,0.515694559706,-0.124071637445,-1.40634756786,0.0767002040874,1.91269918356,0.152648542293,-0.00868119021668,-0.0794860986456,0.000323126706723,-0.125825277769,-0.00918894405606,0.0519541226358,-0.014262518586,0.57405660038,0.818800929682,0.00219180594917,0.0,0.818758241846,-0.573994302323,-0.0120925271015,0.0,-0.00864345471956,0.00873652238841,-0.999924479082,0.0,0.655715384813,0.253220088156,0.303399979683,1.0,-0.0155,-0.0203714285714,0.776
0.460628638853,0.514630497755,-0.124076965887,-1.40805334201,0.0765958208337,1.91332638763,0.152405268515,-0.010176522729,-0.0913342094965,-0.000988155796379,-0.139013088472,-0.00557369842274,0.0435547508041,-0.015995872578,0.574036518991,0.818815026927,0.00218482152351,0.0,0.818772210601,-0.573974215778,-0.0121001516598,0.0,-0.00865392140136,0.00873496826182,-0.999924402129,0.0,0.655505156875,0.252963462531,0.303396776821,1.0,-0.01576,-0.0207131428571,0.789
0.460389717065,0.512888999997,-0.124073022845,-1.41085270015,0.0764294270035,1.91429112964,0.15202727196,-0.0107403355102,-0.0869525693124,0.00139798229586,-0.136012920249,-0.00986661003005,0.0468394906481,-0.0178930216067,0.574025449222,0.818822999994,0.00210362256998,0.0,0.818778876686,-0.573963254412,-0.0121688363835,0.0,-0.00875688965488,0.00870779114831,-0.999923742721,0.0,0.655162338494,0.252557708756,0.303361005507,1.0,-0.01616,-0.0212388571429,0.809
0.460243615925,0.511810551148,-0.124081225803,-1.41260137947,0.0763228273998,1.91493161991,0.151775077102,-0.0117193861533,-0.0848118489856,-0.00057615756988,-0.135922105865,-0.00712625591281,0.0523587884724,-0.0249308956953,0.574007300119,0.81883579447,0.00207557372233,0.0,0.818791287086,-0.573945214795,-0.0121846422627,0.0,-0.00878612478174,0.00869370266839,-0.999923608855,0.0,0.654946631772,0.252290104096,0.303339902233,1.0,-0.01642,-0.0215805714286,0.822
0.46000820195,0.51009643996,-0.124081603729,-1.4153298638,0.0761576409575,1.91597788608,0.151396219099,-0.00958640756149,-0.0851574855167,-0.00039230973214,-0.132061342685,-0.00820896556855,0.0529073425686,-0.0131329333472,0.57398970482,0.818848080606,0.0020944089295,0.0,0.818803808124,-0.573927526863,-0.0121763956245,0.0,-0.00876874807422,0.00870420332038,-0.999923670038,0.0,0.654600948735,0.25185426162,0.303327180448,1.0,-0.01684,-0.0221325714286,0.843
0.459838688551,0.508853489154,-0.124084670615,-1.4172908663,0.0760261179009,1.91668363046,0.151119981149,-0.0116096253477,-0.08981036602,-0.000590245782979,-0.137024485654,-0.00593542930653,0.0508970415391,-0.0214345472181,0.573969488677,0.818862279319,0.00208338134776,0.0,0.818817914253,-0.57390741339,-0.0121758390236,0.0,-0.00877483623789,0.00869463746708,-0.999923699853,0.0,0.654373847222,0.251576324041,0.303329741095,1.0,-0.0171,-0.0224742857143,0.856
0.459581443226,0.50705701591,-0.124085913,-1.42009771176,0.0758511895147,1.91768654371,0.150732673115,-0.0191759792176,-0.0910447368441,0.00131634051628,-0.138093129447,-0.00575648095616,0.0517281879441,-0.0186646673043,0.573961985219,0.818867556787,0.00207626265898,0.0,0.818823025611,-0.573899870237,-0.0121876401244,0.0,-0.00878866543014,0.00869550120868,-0.999923570889,0.0,0.654024149697,0.251137732909,0.303337244258,1.0,-0.0175,-0.023,0.876
0.459422451754,0.505871195345,-0.124097589012,-1.42197231519,0.0757352540177,1.91839364263,0.150469003082,-0.0115379691719,-0.0896185581788,-0.00118537315665,-0.144729800689,-0.0113218514774,0.0577769106115,-0.018046571958,0.573950372473,0.818875668116,0.0020873447211,0.0,0.818831331993,-0.573888259409,-0.0121763032398,0.0,-0.00877314473208,0.00869794450049,-0.999923685935,0.0,0.653796108839,0.25084935145,0.303335674788,1.0,-0.01776,-0.0233417142857,0.889
0.459142273599,0.503831529145,-0.124106632902,-1.42503382537,0.0755375656144,1.91956299132,0.150041947,-0.0103075869296,-0.096122228083,-0.00247167764947,-0.143114137156,-0.00458908878837,0.0531446932237,-0.0291586316146,0.573940934189,0.818881974103,0.00220532369361,0.0,0.818839349145,-0.573878478293,-0.0120979066403,0.0,-0.00864133623923,0.008749458111,-0.999924384287,0.0,0.65343134793,0.25037192715,0.303405147522,1.0,-0.01818,-0.0238937142857,0.91
0.45896456222,0.50255310448,-0.12411276814,-1.42693040692,0.0754199953153,1.92028216808,0.149777741603,-0.00916730780524,-0.096279526292,-0.000990829830998,-0.145644739543,-0.00768011772883,0.0475884282042,-0.029295436343,0.573940127277,0.818882307596,0.00228987112712,0.0,0.818840845396,-0.573877374364,-0.0120489006109,0.0,-0.00855269097195,0.00879055680517,-0.999924785966,0.0,0.653204799977,0.250073845945,0.303457629181,1.0,-0.01844,-0.0242354285714,0.923
0.458674887888,0.500416227147,-0.124114592824,-1.43012257542,0.0752161893608,1.9214018579,0.149340377522,-0.0153929878,-0.100807512207,0.00041669388926,-0.154680865709,-0.0171167619938,0.0470441945835,-0.0253793101385,0.573928057059,0.818890611866,0.0023447854129,0.0,0.81884982112,-0.573865031375,-0.0120267667414,0.0,-0.00850317973365,0.00882269584874,-0.999924925168,0.0,0.652799542057,0.249576270029,0.303526601132,1.0,-0.01886,-0.0247874285714,0.944
0.458501576886,0.49923839202,-0.124116118151,-1.43195596994,0.0751023494365,1.92208045178,0.149080255852,-0.0147177639321,-0.0970051815103,0.000206571509961,-0.153329673697,-0.0136566551172,0.0542242457911,-0.0191355036081,0.573920765583,0.818895668808,0.00236333271928,0.0,0.818855106835,-0.573857650875,-0.012019045074,0.0,-0.00848629077921,0.00883337668668,-0.999924974348,0.0,0.65257345118,0.249287974489,0.303534440518,1.0,-0.0191,-0.0251028571429,0.956
0.458188502751,0.497138126515,-0.124117071928,-1.43522987744,0.0749019739654,1.92328558523,0.148591989427,-0.0178220932254,-0.105127722232,0.00191875010569,-0.159451777172,-0.00520070411036,0.0572939783549,-0.0176057615235,0.57389013674,0.818917054126,0.00239088147943,0.0,0.818876778255,-0.573826836817,-0.0120137539603,0.0,-0.00846647905158,0.00885258266575,-0.999924972442,0.0,0.652167189188,0.248771990231,0.303544934282,1.0,-0.01952,-0.0256548571429,0.977
0.457974770632,0.495782647679,-0.124117064188,-1.43745080946,0.0747677440984,1.92404867738,0.148277776412,-0.0163882447779,-0.101416243401,-0.000257101385242,-0.158207366964,-0.0118602877502,0.0525769938533,-0.0213870420288,0.573883743711,0.818921777621,0.00230602337078,0.0,0.818880207465,-0.573820602508,-0.0120776181432,0.0,-0.00856754575107,0.00881967541752,-0.999924402385,0.0,0.651877886852,0.248417354211,0.303498608562,1.0,-0.0198,-0.0260228571429,0.991
0.457623847173,0.493700367628,-0.124150895139,-1.44081196932,0.0745617932894,1.92523269938,0.147795426026,-0.0223235711722,-0.122366757963,-0.00562282218317,-0.18546915467,-0.0122816686581,0.0748689338809,-0.0209122537091,0.573913994179,0.818900818031,0.00221910223947,0.0,0.818858066947,-0.573851172477,-0.0121262089895,0.0,-0.00865689471122,0.00877669978426,-0.99992401097,0.0,0.651459617133,0.247844985215,0.30345273771,1.0,-0.0291228571429,-0.038275755102,1.011
0.457368880418,0.491472545226,-0.124222581742,-1.44406477148,0.0743930751163,1.92646682322,0.147316681368,-0.0196960917358,-0.184284142371,0.000228024712063,-0.271888739028,-0.0165861665019,0.0988491005434,-0.0431850436064,0.573900577132,0.81890970856,0.00240076947958,0.0,0.818869420023,-0.573837087199,-0.0120256894984,0.0,-0.00847046639986,0.00886763758437,-0.999924805274,0.0,0.651062406213,0.247336964459,0.303563794468,1.0,-0.0410085714286,-0.0538969795918,1.024
0.456759429912,0.486799551791,-0.124275444075,-1.45147502176,0.0740060072309,1.92932928634,0.146191269403,-0.0354286642671,-0.266728385846,-0.00258927852762,-0.417610048076,-0.0284237678259,0.160949019799,-0.0637605541605,0.573788682093,0.818987687707,0.0025421620672,0.0,0.818948896281,-0.57372426681,-0.011996576837,0.0,-0.0083667097411,0.0089655734471,-0.999924805503,0.0,0.650079425538,0.246149147415,0.303538517479,1.0,-0.0602085714286,-0.0791312653061,1.045
0.456162074552,0.482752782921,-0.124378066836,-1.45787230906,0.0736285067235,1.93167629275,0.145206730257,-0.0516823346564,-0.326777024442,-0.00721381948882,-0.517684783578,-0.0294021852849,0.181779938706,-0.0782294887503,0.573754389085,0.819011804222,0.00251245938286,0.0,0.818972714416,-0.573690192485,-0.012000124564,0.0,-0.00838703183944,0.00894293199797,-0.999924838007,0.0,0.649330666204,0.245169220765,0.303505776869,1.0,-0.07118,-0.0935508571429,1.057
0.454889781883,0.474559855792,-0.124599685103,-1.47088428554,0.0728341735032,1.93617520579,0.143293717418,-0.0639371851177,-0.427345253023,-0.0122592837537,-0.667152726923,-0.0429903500592,0.236288337553,-0.102198804047,0.573807592206,0.818975396565,0.0022122046612,0.0,0.818932330297,-0.573744586314,-0.0121546275389,0.0,-0.00868526767888,0.00878623264274,-0.999923681208,0.0,0.647638990393,0.242959016692,0.3033846906,1.0,-0.09038,-0.118785142857,1.078
0.453927749333,0.468495701101,-0.124711570842,-1.48021898367,0.072301116411,1.93954761288,0.141886169295,-0.0737485086969,-0.495118844024,-0.00667259525766,-0.743550164164,-0.0416384717979,0.287436967267,-0.116838409015,0.573827765099,0.818960992823,0.00230979158589,0.0,0.818918920269,-0.573764047759,-0.0121394573603,0.0,-0.00861663257924,0.00885766025557,-0.999923644834,0.0,0.646440599815,0.2413890997,0.303427624869,1.0,-0.102265714286,-0.134406367347,1.091
0.452264323831,0.458370500712,-0.124847454528,-1.49582855739,0.0713311166771,1.94520305427,0.139414218195,-0.0946903461143,-0.5639528006,-0.00830858944907,-0.881821337993,-0.0505240481569,0.311778909678,-0.133342886838,0.573735267761,0.819025403898,0.00244483097021,0.0,0.818985033293,-0.573670928124,-0.0120800814732,0.0,-0.00849152864417,0.00893322074432,-0.999924042869,0.0,0.644410916337,0.238752017124,0.303469267847,1.0,-0.119637142857,-0.157237387755,1.11
0.45067770114,0.449253839556,-0.12502627448,-1.50976626393,0.0704073655207,1.95010738551,0.13721492623,-0.10575392538,-0.629184733483,-0.00876649775645,-0.963751568214,-0.0591327218877,0.35519657355,-0.153392004338,0.573751134669,0.81901419808,0.00247501713054,0.0,0.818974602158,-0.573687070856,-0.0120205097429,0.0,-0.00842524503172,0.00892392908739,-0.999924686532,0.0,0.642574481894,0.236286601255,0.303526618291,1.0,-0.133351428571,-0.175261877551,1.125
0.448245157448,0.43575299096,-0.125187936065,-1.53050893567,0.0690286331556,1.95723983403,0.133960349622,-0.136146406021,-0.72357354587,-0.011402942716,-1.05788564968,-0.0669470803074,0.370021997477,-0.175606482007,0.573742998076,0.819020249485,0.00235584263209,0.0,0.818978778267,-0.573679095148,-0.0121162469395,0.0,-0.00857211896155,0.00888116795511,-0.999923818914,0.0,0.639735904405,0.232632901049,0.303512308112,1.0,-0.151637142857,-0.199294530612,1.145
0.446435229699,0.4260058577,-0.125321413683,-1.54512273723,0.0680397640244,1.96237702994,0.131560168147,-0.145268333156,-0.757393324185,-0.0115104570253,-1.14868928402,-0.0812668129412,0.400142452997,-0.193997108648,0.573700402837,0.819049452146,0.00256702647665,0.0,0.819011040605,-0.573635959958,-0.0119769658945,0.0,-0.0083373491769,0.00897378595754,-0.999924977073,0.0,0.637587741194,0.229793191651,0.303659508695,1.0,-0.164437142857,-0.216117387755,1.159
0.443137509455,0.409059542179,-0.125532960419,-1.57040171987,0.0662210772578,1.97125419921,0.12731691239,-0.16046068877,-0.830547165949,-0.00786681300997,-1.2477708833,-0.0797505654341,0.430370935472,-0.208159880666,0.573650483164,0.819083195034,0.00293081546282,0.0,0.81905047754,-0.573585776825,-0.0116798444312,0.0,-0.00788584205716,0.00910080942445,-0.999927491753,0.0,0.634252335838,0.22536076519,0.303875700934,1.0,-0.182722857143,-0.240150040816,1.179
0.440985535017,0.398721682965,-0.125654345325,-1.58588322426,0.0652025641608,1.97649424418,0.124687064705,-0.18568964778,-0.911196109714,-0.0192353683279,-1.30341984048,-0.0891717654361,0.466883614164,-0.222233838761,0.573706711209,0.819043159943,0.0031078232831,0.0,0.819012207855,-0.573640778762,-0.0116622136846,0.0,-0.00776923176159,0.00923621329286,-0.999927163048,0.0,0.63186218453,0.222198829364,0.303981925937,1.0,-0.194608571429,-0.255771265306,1.192
0.436806238363,0.379417507017,-0.125891088383,-1.61460950791,0.0630731491204,1.98622130314,0.11962384889,-0.207366699748,-0.9499960327,-0.0165740102257,-1.39673633926,-0.107145152178,0.484726536788,-0.257588897667,0.573650692557,0.819082044499,0.00319909497129,0.0,0.81905273131,-0.573585019205,-0.0115583726678,0.0,-0.00763244951361,0.00925087406767,-0.999928080936,0.0,0.627872649714,0.216935687071,0.304063899923,1.0,-0.212894285714,-0.279803918367,1.212
0.433931473359,0.366820963498,-0.126015373226,-1.63343409858,0.0616721013811,1.9924090577,0.116260585087,-0.230637392211,-0.976155596799,-0.00495094128101,-1.44607363012,-0.114381196495,0.475793853486,-0.257204143483,0.573636692342,0.819092116446,0.00312999605446,0.0,0.819061679553,-0.573570967509,-0.011621412085,0.0,-0.00772388086418,0.00923030592614,-0.999927568935,0.0,0.62504486984,0.213263659898,0.304043576845,1.0,-0.22478,-0.295425142857,1.225
0.428701470893,0.345286845423,-0.126313914752,-1.66513852693,0.0592613675002,2.00275776377,0.110333550913,-0.262024331763,-1.06196677877,-0.0179271127017,-1.51674853258,-0.109763153698,0.492143952485,-0.297823977817,0.573701842671,0.819046179141,0.00320921343939,0.0,0.819016804113,-0.573635896607,-0.0115792748756,0.0,-0.00764318797045,0.00927162957539,-0.999927806675,0.0,0.620229693145,0.206825584724,0.304122005327,1.0,-0.24398,-0.320659428571,1.246
0.425161982227,0.331298723086,-0.126490125494,-1.68574284671,0.0576255357618,2.00941638095,0.106398953339,-0.278861993919,-1.08069580838,-0.0116497483309,-1.57109702458,-0.133082065078,0.508744999631,-0.304798771439,0.573710103243,0.819040504164,0.00318070381809,0.0,0.819010901532,-0.573644418176,-0.0115746087732,0.0,-0.00765562780853,0.0092456791038,-0.999927951795,0.0,0.617014044237,0.202587438629,0.304098631746,1.0,-0.255865714286,-0.336280653061,1.259
0.418997561962,0.307680011291,-0.126689120533,-1.71998113478,0.0548700568231,2.0203105797,0.099575364231,-0.307823538955,-1.15702873915,-0.00903115425276,-1.61458167595,-0.129111944495,0.541153163651,-0.335660727223,0.573555920034,0.819147838144,0.00334256784867,0.0,0.819120162448,-0.573489545087,-0.0115172934083,0.0,-0.00751758301849,0.0093439564364,-0.999928085626,0.0,0.611509847757,0.19548588744,0.304170130575,1.0,-0.275065714286,-0.361514938775,1.28
0.415113434796,0.293573850525,-0.126861447899,-1.7403414327,0.0530745720584,2.02644047725,0.0953543401478,-0.333534657348,-1.17582540497,-0.0121595100848,-1.68233065577,-0.14123561477,0.503645884111,-0.353352449185,0.573445585708,0.819225883929,0.00313978233085,0.0,0.81919591767,-0.573380266233,-0.0115700332216,0.0,-0.00767832929591,0.00920705860964,-0.999928134083,0.0,0.608121990441,0.191101281555,0.30415253321,1.0,-0.286037142857,-0.375934530612,1.292
0.407666187231,0.267907768375,-0.127163267785,-1.77680606363,0.0500479585245,2.03760492193,0.0875215882861,-0.368009685614,-1.25489679195,-0.019337393287,-1.76828742403,-0.144650396067,0.556071407891,-0.385572407783,0.573401560332,0.819255649954,0.0034025767491,0.0,0.819228574339,-0.573334803729,-0.0115105482772,0.0,-0.00747941003933,0.00938783518655,-0.999927960893,0.0,0.601988600208,0.183091821436,0.304257082164,1.0,-0.305237142857,-0.401168816326,1.313
0.402558002527,0.251535445537,-0.127448892792,-1.79981180829,0.0479678387334,2.04445868649,0.0824219788497,-0.404047597015,-1.26258968097,-0.0249742346162,-1.78956917413,-0.16178348212,0.556047221443,-0.393141395685,0.573531346196,0.819164448513,0.00348541587767,0.0,0.819139064717,-0.573465117554,-0.0113885251095,0.0,-0.00733045159862,0.00938689716629,-0.999929072805,0.0,0.598050463338,0.177772082045,0.304327929286,1.0,-0.317122857143,-0.416790040816,1.326
0.393709973882,0.224135964436,-0.127786214489,-1.83801892664,0.0445395624786,2.05549528493,0.0734856782238,-0.427447937845,-1.33202057866,-0.0125127675414,-1.84473659843,-0.161542970209,0.513290124199,-0.44105592258,0.573458905633,0.819214631571,0.00360802885978,0.0,0.819190379799,-0.573391759564,-0.0113911636391,0.0,-0.00726313374514,0.00948820944377,-0.999928607836,0.0,0.591252850389,0.168918841929,0.304378856033,1.0,-0.336322857143,-0.442024326531,1.347
0.387756704103,0.206674407086,-0.128024792537,-1.86206480954,0.042227033686,2.06223527112,0.0675776801975,-0.469810276499,-1.34824486214,-0.0172083412104,-1.86560917267,-0.184214911904,0.511008835583,-0.456146030038,0.573388384323,0.819263825124,0.00364588372374,0.0,0.819240370663,-0.573321549417,-0.0113297374698,0.0,-0.00719191881837,0.00948337758024,-0.999929168418,0.0,0.586864613488,0.163164911736,0.304418450208,1.0,-0.348208571429,-0.45764555102,1.36
0.377182655443,0.177547895465,-0.128579889814,-1.9017078387,0.0383759614879,2.07283856172,0.0573303064623,-0.526254780279,-1.40855942897,-0.037711754648,-1.87451860309,-0.180048604537,0.505317051944,-0.504380162542,0.57347459314,0.819203610013,0.00361707963337,0.0,0.819179533269,-0.573407495843,-0.0113790547118,0.0,-0.00724784166702,0.0094888190662,-0.999928713011,0.0,0.579426859867,0.15328510626,0.304456492481,1.0,-0.367408571429,-0.482879836735,1.381
0.370087403299,0.158991409724,-0.128936158427,-1.92663660999,0.0358633538074,2.07927108116,0.0505793054707,-0.550440586672,-1.44566642023,-0.0275657613351,-1.88487813973,-0.187233415556,0.487697574405,-0.518469833051,0.573536258287,0.819160498866,0.00360339133348,0.0,0.819136084706,-0.573468980838,-0.0114083149361,0.0,-0.007278947941,0.00949493293726,-0.999928429021,0.0,0.574612859292,0.146908235937,0.304478163202,1.0,-0.379294285714,-0.498501061224,1.394
