position_joint1,position_joint2,position_joint3,position_joint4,position_joint5,position_joint6,position_joint7,velocity_joint1,velocity_joint2,velocity_joint3,velocity_joint4,velocity_joint5,velocity_joint6,velocity_joint7,ee_T_00,ee_T_10,ee_T_20,ee_T_30,ee_T_01,ee_T_11,ee_T_21,ee_T_31,ee_T_02,ee_T_12,ee_T_22,ee_T_32,ee_T_03,ee_T_13,ee_T_23,ee_T_33,v_x,v_y,time
0.465088621449,0.5477951994,-0.123993182629,-1.35577626782,0.0794921850451,1.89409314552,0.159154942377,-0.00378878422916,0.000705659092109,-0.000740575367566,-0.000670889767037,0.000135107260454,0.00042261162234,0.000868367151911,0.573788102973,0.818989676394,0.00196716725482,0.0,0.818946894715,-0.573729600759,-0.0118775313144,0.0,-0.00859911900351,0.00842635390904,-0.99992752323,0.0,0.661685855356,0.260902448815,0.303230951095,1.0,0.0,0.0,0.0
0.465088542401,0.547795100431,-0.123990627346,-1.35577384164,0.0794953408912,1.89409158088,0.15915642584,-0.000570858594861,-0.000526795120896,-0.0010846170772,-0.000739495511515,0.000181239470654,-0.000168370387886,0.00122447346123,0.573788289866,0.81898953783,0.00197034001784,0.0,0.818946756226,-0.573729734208,-0.0118806335813,0.0,-0.00859983752464,0.00843073430915,-0.999927480127,0.0,0.661685358852,0.260904570076,0.303231961269,1.0,-0.00018,-0.000236571428571,0.01
0.465085462225,0.547791805148,-0.123991388531,-1.35577689693,0.0794939562213,1.89409162013,0.159155614962,0.00169514448693,0.00101243613612,0.000431323613783,0.000572503257929,0.000541947989664,7.83894321322e-05,0.000263580604302,0.573790474656,0.818988008415,0.00196981403768,0.0,0.818945233535,-0.573731934192,-0.0118793543705,0.0,-0.00859906911808,0.00842959249576,-0.999927496362,0.0,0.661685809695,0.260901550357,0.303232867586,1.0,-0.0004,-0.000525714285714,0.021
0.465085092956,0.547783487632,-0.123989093817,-1.35578627472,0.0794899352593,1.89409199684,0.159157242566,0.000883347172414,0.000244346849132,0.000519845232723,-0.00130389321115,-6.10683602198e-05,-0.000247965873938,0.00156218947407,0.573789941255,0.818988386366,0.00196804800096,0.0,0.818945604446,-0.573731423733,-0.0118784376118,0.0,-0.00859933703452,0.00842761453687,-0.999927510731,0.0,0.66168375001,0.260901003799,0.303234245779,1.0,-0.00074,-0.000972571428571,0.038
0.465086174579,0.547738380615,-0.123983833408,-1.35583697426,0.0794945574405,1.89410033653,0.159153531629,0.00136243572019,-0.00584938780769,0.00108066782483,-0.00810842224187,0.000130128866877,0.000447404883625,0.00125796656888,0.573786311789,0.818990908445,0.00197666093917,0.0,0.818948127943,-0.573727650798,-0.0118866878976,0.0,-0.00860118988213,0.00843936406776,-0.999927395698,0.0,0.661673234274,0.26090065426,0.303242628312,1.0,-0.00108,-0.00141942857143,0.055
0.465078777171,0.547613698886,-0.123986048107,-1.35598385496,0.0794912000215,1.89413067734,0.159149291452,-0.00108988917242,-0.0147723310391,0.00021291031439,-0.0117368644732,-0.000312020498899,0.00114269638047,-0.00040132646554,0.573797564282,0.818982998082,0.00198770656395,0.0,0.818940292199,-0.573738788607,-0.0118889512527,0.0,-0.00859659009591,0.00844982695032,-0.999927346892,0.0,0.661651537021,0.260880198278,0.303263746154,1.0,-0.0014,-0.00184,0.071
0.46507127713,0.547464292347,-0.12398855236,-1.35619773615,0.0794860544901,1.8941861229,0.159147576349,0.000607625673888,-0.0108130274785,-0.000787368658166,-0.0129425870965,-0.000560167501625,0.00462471192248,0.00121987253244,0.57381448377,0.818971151178,0.00198460450454,0.0,0.818928316219,-0.573755631644,-0.0119010484035,0.0,-0.00860810303284,0.00845440554476,-0.999927209145,0.0,0.661620324486,0.260853289696,0.303272672054,1.0,-0.00176,-0.00231314285714,0.089
0.465051916105,0.547289619814,-0.123989263077,-1.35641141322,0.0794810671282,1.89431050122,0.159139531263,-0.00239887945756,-0.0126229988403,0.00161837504323,-0.0169622316771,-0.00438460157972,0.00870499741688,0.00149056448132,0.573835141308,0.818956489937,0.00206036186806,0.0,0.818914636795,-0.57377597341,-0.0118615716083,0.0,-0.00853208918217,0.00849401064683,-0.999927524992,0.0,0.661606251609,0.260824653039,0.303305515394,1.0,-0.0021,-0.00276,0.106
0.465032609811,0.547095960171,-0.123986152463,-1.35663362456,0.0794795313914,1.89443166793,0.159129033506,-0.000174700569308,-0.0111355015708,0.000167257592709,-0.00991500951315,-4.30149946438e-05,0.00397205870428,0.00134844198116,0.573852390142,0.818944183425,0.00214608077039,0.0,0.818903379311,-0.573792811995,-0.0118241768058,0.0,-0.00845209782793,0.00854292939446,-0.999927787593,0.0,0.661588988144,0.260797841842,0.303347340275,1.0,-0.00242,-0.00318057142857,0.122
0.465005511007,0.546887655496,-0.123988553762,-1.35694098232,0.0794752743631,1.89455270448,0.159104640453,-0.000884814756421,-0.0124907159726,-0.000799199514392,-0.0219343827443,-4.8541054871e-05,0.00222924027824,-0.00322388487715,0.573872393242,0.818930098677,0.00217178641984,0.0,0.818889523465,-0.573812604706,-0.0118232796478,0.0,-0.00843640357311,0.00856367181107,-0.999927742699,0.0,0.661555986567,0.260752306829,0.303359167348,1.0,-0.00276,-0.00362742857143,0.139
0.464968336284,0.546626821091,-0.123985918857,-1.35733005461,0.079468343488,1.89469816161,0.159053154616,-0.00471634582787,-0.0150572021413,0.000506512699286,-0.0255394390575,0.000328715682762,0.00451926053209,-0.00800278716943,0.573878760554,0.818925571244,0.00219632639428,0.0,0.818885155227,-0.573818712187,-0.0118294122439,0.0,-0.00842727724742,0.00858735285009,-0.999927616565,0.0,0.661512095743,0.260695235605,0.303371241508,1.0,-0.0031,-0.00407428571429,0.156
0.464933491066,0.546377853261,-0.123989606154,-1.35770944444,0.0794548038445,1.8948471565,0.158943103142,-0.000650038480481,-0.0175483342977,-0.000776941549651,-0.0267238281299,-0.00142414377367,0.00984398597706,-0.00353230069989,0.573837437132,0.818954472902,0.0022167456509,0.0,0.818914261929,-0.573777252124,-0.0118255425317,0.0,-0.00841282469552,0.00860142925184,-0.999927617278,0.0,0.661472008232,0.260636209788,0.303380010362,1.0,-0.0034,-0.00446857142857,0.171
0.464884902149,0.546067262479,-0.12398665875,-1.35824862126,0.079429808214,1.89502418993,0.15892072718,0.000441123379943,-0.0168095558367,0.000592567865499,-0.0354037796723,-0.00468162297068,0.0143565776158,-0.00366756896055,0.573880280878,0.818924557832,0.00217685538191,0.0,0.818883711791,-0.573820129527,-0.0118605402506,0.0,-0.00846392719996,0.00858928695591,-0.9999272904,0.0,0.661405120514,0.260553814126,0.303358539174,1.0,-0.00376,-0.00494171428571,0.189
0.464822198938,0.545725343853,-0.123986737671,-1.35881439304,0.079358192557,1.89521633213,0.158841029004,-0.00347077755784,-0.0205453773851,0.000582413570925,-0.0356597976219,-0.00192570337479,0.012486825424,-0.0051402841486,0.57387894399,0.818925620263,0.0021290896339,0.0,0.818884458593,-0.57381929213,-0.0118494875293,0.0,-0.00848229952869,0.0085438142972,-0.99992752429,0.0,0.661342896922,0.26045106807,0.303347894259,1.0,-0.0041,-0.00538857142857,0.206
0.464754332264,0.545362392886,-0.123991608127,-1.35947054206,0.0793025864058,1.89542837188,0.158740930751,-0.00421808333337,-0.0207015206528,0.000583025794708,-0.0434685849775,-0.000970717272698,0.0104248825939,-0.00309220448073,0.573877725129,0.81892667755,0.00204946316716,0.0,0.818884595721,-0.573818509728,-0.0118778653857,0.0,-0.00855124557432,0.00849487973676,-0.99992735397,0.0,0.661265907929,0.260335623121,0.303311015688,1.0,-0.00444,-0.00583542857143,0.223
0.464688353523,0.544937293575,-0.123989930777,-1.360169332,0.0792856406954,1.89565406771,0.158692776045,-0.00577244245831,-0.0260229284099,0.00140469176581,-0.0396395797911,5.16215520825e-05,0.0145602871752,-0.0056656657569,0.57392546381,0.818893287931,0.00202283813929,0.0,0.818850573774,-0.57386606864,-0.0119256024719,0.0,-0.00860512332356,0.00850097277096,-0.999926839981,0.0,0.661179246029,0.260228171939,0.303298842386,1.0,-0.00478,-0.00628228571429,0.24
0.464611098378,0.544513004464,-0.123998764187,-1.36088871644,0.0792589517282,1.89591520185,0.158581339971,-0.00140914111733,-0.0289229405636,-0.00335636094545,-0.041262309188,-0.00214632217687,0.0137302113062,-0.00545182297183,0.573936721341,0.818885453895,0.00200004926212,0.0,0.818842317754,-0.573877296244,-0.0119521718444,0.0,-0.00863984314665,0.00849767890133,-0.999926568586,0.0,0.661100698518,0.260105556162,0.303279663383,1.0,-0.00512,-0.00672914285714,0.257
0.46454871901,0.544041690182,-0.124001344946,-1.36164050288,0.079218750501,1.89617834661,0.158479833053,-0.00299638597042,-0.0364754427336,0.000203293553149,-0.0466875145479,-0.00735095523042,0.0130485221009,-0.0054770038703,0.573937609696,0.818884861638,0.0019875759442,0.0,0.818841499731,-0.573878174701,-0.0119660277665,0.0,-0.00865833923688,0.00849542660416,-0.999926427738,0.0,0.661011697645,0.259991125988,0.303278238002,1.0,-0.00544,-0.00714971428571,0.273
0.4644677271,0.543532902453,-0.124005087313,-1.36247653065,0.0791717455761,1.89646463079,0.158395185195,-0.00697142691265,-0.0296152595425,-0.00101646081689,-0.0463485712528,-0.00430149967145,0.020825068956,-0.00322034639848,0.573971169121,0.818861422164,0.00195325638277,0.0,0.818817560175,-0.573911823585,-0.011990362747,0.0,-0.0086976160148,0.00848164644782,-0.999926203852,0.0,0.660914281294,0.259854684447,0.303265218813,1.0,-0.00578,-0.00759657142857,0.29
0.464400595014,0.542980281263,-0.124006207052,-1.36334474331,0.0791150705727,1.89678690844,0.158278099513,-0.00256386864702,-0.0336841505096,0.000481756661795,-0.0467140244959,-0.00709676711374,0.0214337204977,-0.00921470606271,0.573964270652,0.818866251274,0.00195587333929,0.0,0.818822460573,-0.573904951108,-0.0119846592511,0.0,-0.00869151493922,0.00848044250115,-0.999926267113,0.0,0.660814006629,0.259726568693,0.303270847691,1.0,-0.00612,-0.00804342857143,0.307
0.46433873143,0.542433467568,-0.124016552092,-1.36420893054,0.079072733873,1.89708458715,0.158164459265,-0.00642351549639,-0.0356961988557,-0.00445423596905,-0.056293950909,-0.00250716804662,0.0161803821144,-0.0093623819165,0.573965740772,0.818865252905,0.00194239709788,0.0,0.818821208249,-0.573906402204,-0.0120007221854,0.0,-0.00871238801774,0.00847864257766,-0.999926100727,0.0,0.660709411026,0.259597642779,0.303272412086,1.0,-0.00644,-0.008464,0.323
0.464263596953,0.541817217366,-0.124011608428,-1.36516681115,0.0790170638404,1.89743850425,0.158032038041,-0.0066575573317,-0.0410994204797,0.000648866412356,-0.0529213363164,-0.00187697370579,0.0236220224479,-0.0104586695134,0.573957375445,0.818871058038,0.00196682009891,0.0,0.818827262459,-0.573897866106,-0.0119958506997,0.0,-0.00869446849224,0.00849575647083,-0.99992611144,0.0,0.66059353813,0.259448197919,0.303287352203,1.0,-0.0068,-0.00893714285714,0.341
0.464177690059,0.541118228736,-0.124011561346,-1.36622614251,0.0789541937018,1.89784363662,0.157902429689,-0.00629478814055,-0.0372109881648,0.00224743463237,-0.0625714289286,-0.000470379245851,0.0232788674472,-0.00641309881011,0.573959935823,0.818869199264,0.00199335619443,0.0,0.818825764736,-0.573900328469,-0.011980270832,0.0,-0.0086664538645,0.00850857070451,-0.999926245681,0.0,0.660477347693,0.25930430161,0.303307839093,1.0,-0.00714,-0.009384,0.358
0.464096957568,0.540453990732,-0.12401159751,-1.36723295256,0.0788961491173,1.89820867475,0.157768844817,-0.00170068033877,-0.0450792967522,0.000660830250315,-0.062664339563,-0.00585362819739,0.0221706101816,-0.00510746508385,0.573956885569,0.818871285462,0.00201451105487,0.0,0.818828083319,-0.573897146816,-0.0119742117062,0.0,-0.00864938251302,0.00852238356618,-0.999926275863,0.0,0.660359315666,0.25915555238,0.303329765317,1.0,-0.00746,-0.00980457142857,0.374
0.463995579428,0.539721790462,-0.124017424462,-1.36835481272,0.0788320491307,1.89864042284,0.157643411309,-0.00685209892554,-0.0427024029435,-0.00204067764629,-0.0654767478694,-0.00822617746017,0.0282598157215,-0.00898644672759,0.573986333544,0.818850556242,0.00204996298562,0.0,0.818807829193,-0.573926455776,-0.0119544600001,0.0,-0.00861255404819,0.00854038683603,-0.999926440147,0.0,0.660236619168,0.258980600583,0.303350833185,1.0,-0.0078,-0.0102514285714,0.391
0.463897787359,0.538963322302,-0.124017348765,-1.36952289146,0.0787693764243,1.8990813384,0.157485331116,-0.00539232669277,-0.045363128863,-0.000293419648783,-0.07481163545,-0.00673175200631,0.023255320626,-0.0129124574722,0.573984773089,0.818851572897,0.00208055927249,0.0,0.818809174248,-0.573924698758,-0.0119466825832,0.0,-0.00858864082841,0.00856095973658,-0.999926469905,0.0,0.660103164684,0.258807161426,0.303368946287,1.0,-0.00814,-0.0106982857143,0.408
0.463797106063,0.538282943999,-0.124025744067,-1.37058297176,0.0786981030263,1.89948959161,0.157358885462,-0.00547708238385,-0.0454111144813,0.0020003448528,-0.0755075324274,-0.00717144158636,0.0268873194213,-0.0065725410316,0.574003689613,0.818838243655,0.0021075910958,0.0,0.818796263587,-0.573943568098,-0.0119250273006,0.0,-0.00855519477076,0.00857086239935,-0.999926671792,0.0,0.659980512223,0.25863029775,0.303383848384,1.0,-0.00846,-0.0111188571429,0.424
0.463679532621,0.537442399066,-0.124023622729,-1.37191358794,0.0786208802198,1.89999441786,0.157193124307,-0.00295877334,-0.0445463938586,-0.00212103329053,-0.0710123038993,-0.00164498220401,0.0255695219046,-0.00438749794201,0.57402097088,0.818826120236,0.00211109200657,0.0,0.818784204057,-0.573960851223,-0.011921214329,0.0,-0.00854988212414,0.00857172084367,-0.999926709873,0.0,0.65983785174,0.258433584624,0.30338453612,1.0,-0.0088,-0.0115657142857,0.441
0.463558122063,0.536594602666,-0.124030399456,-1.37321411304,0.0785481105528,1.9004833592,0.157031095248,-0.0122447478473,-0.0497040404378,-0.000586821753117,-0.071273130913,-0.003595123409,0.0270724469471,-0.00752152343682,0.574044605389,0.818809468233,0.00214304871652,0.0,0.818767950208,-0.573984334642,-0.0119068971224,0.0,-0.0085195677375,0.00858991504733,-0.999926812484,0.0,0.659693104157,0.25822770151,0.303406659253,1.0,-0.00914,-0.0120125714286,0.458
0.463438828382,0.535784741408,-0.124035256322,-1.37450976362,0.0784887172493,1.90095151865,0.15687884326,-0.0094954403425,-0.0525572080926,-0.000894089163673,-0.0822291477833,-0.00672977538413,0.0356591631676,-0.00753270021803,0.574076328426,0.818787244039,0.00213659559915,0.0,0.818745464995,-0.574015901682,-0.011931264316,0.0,-0.008542891655,0.0085989499258,-0.999926535833,0.0,0.659542307427,0.258025175437,0.303402339357,1.0,-0.00946,-0.0124331428571,0.474
0.463311833954,0.534874694335,-0.124036351758,-1.3759343006,0.0783883750338,1.90147386653,0.156709422625,-0.00723276387167,-0.0584359580255,-0.00101431999144,-0.0846174852302,-0.00528561262351,0.0353236654611,-0.00758465876245,0.574093564784,0.818775163915,0.00213465012273,0.0,0.818733471021,-0.574033256045,-0.0119193660247,0.0,-0.00853408501774,0.0085907062332,-0.999926681892,0.0,0.659378103296,0.257802860907,0.303411716125,1.0,-0.0098,-0.01288,0.491
0.463187064545,0.533978928701,-0.124045574474,-1.37741169815,0.0783074951247,1.90200457872,0.156523433733,-0.0046884545302,-0.053229843945,-0.000935466067104,-0.0853274111051,-0.00223282161148,0.0289950668262,-0.00938466856368,0.574111327899,0.818762820802,0.00209125626703,0.0,0.818720489645,-0.574051121798,-0.0119505773299,0.0,-0.00858436567441,0.00857328123716,-0.999926401049,0.0,0.659193877639,0.257558996722,0.303385139835,1.0,-0.01016,-0.0133531428571,0.509
0.463061755655,0.533062153233,-0.124048928643,-1.37889605321,0.0782353820831,1.90257110094,0.156327702591,-0.00582613626822,-0.0517127332533,-0.000440717174821,-0.0863680379842,-0.00298264731324,0.036715253562,-0.0150441214361,0.574115922196,0.818759581024,0.00209839534479,0.0,0.818717196206,-0.574055539398,-0.0119639970502,0.0,-0.00859120714804,0.00858687887688,-0.999926225614,0.0,0.659031381974,0.257352604129,0.30337599189,1.0,-0.01048,-0.0137737142857,0.525
0.46293422112,0.532108577847,-0.124050315441,-1.38044715242,0.0781335336266,1.90314825366,0.15614120568,-0.00668317809868,-0.0550072775353,-0.000931305961565,-0.0896755603017,-0.00618135120317,0.027064721591,-0.00866034909743,0.574126009714,0.818752568688,0.00207440049075,0.0,0.818709929975,-0.574065784091,-0.0119696699287,0.0,-0.00860952141618,0.0085705961248,-0.999926207789,0.0,0.658848935699,0.257118845532,0.303360052517,1.0,-0.01082,-0.0142205714286,0.542
0.462807867086,0.531101625016,-0.12405174031,-1.38206181335,0.078040462805,1.90372966155,0.155943150218,-0.010125346071,-0.0588622841512,0.000367079984515,-0.101523861932,-0.0123340459429,0.0339050062299,-0.0122135439921,0.574131220055,0.818748967609,0.00205355778166,0.0,0.818705973921,-0.574070998276,-0.0119901670095,0.0,-0.00863821520716,0.00856535414708,-0.999926005236,0.0,0.658652707731,0.256880731145,0.303351654422,1.0,-0.01116,-0.0146674285714,0.559
0.462677491177,0.530126947381,-0.124049973115,-1.38361027363,0.0779468139056,1.90427700956,0.155738158702,-0.00745688303413,-0.0587799581735,0.000260430852423,-0.0945389987897,-0.00451899443168,0.0335811842352,-0.00930385591522,0.574127753428,0.818751452852,0.00203177197976,0.0,0.818708103954,-0.574067553673,-0.0120096311945,0.0,-0.00866669547939,0.00855865554304,-0.999925816151,0.0,0.658464187178,0.256646889193,0.303348732212,1.0,-0.01148,-0.015088,0.575
0.462539450917,0.529072664052,-0.124050681749,-1.38526120231,0.0778329153768,1.90489689938,0.155513336126,-0.00742494387862,-0.0566985310489,0.00092774002813,-0.0999805099183,-0.0107330586822,0.0358471461455,-0.00970075622413,0.574117911974,0.818758342791,0.00203621233686,0.0,0.818715168032,-0.574057809529,-0.0119938256378,0.0,-0.00865130777356,0.00855311273119,-0.99992599683,0.0,0.658261105021,0.256379861459,0.303353648478,1.0,-0.01184,-0.0155611428571,0.593
0.462392002982,0.527925573295,-0.124045640991,-1.38706875674,0.0777341163595,1.90559529657,0.155262414334,-0.00577375034985,-0.0623628673551,0.00200563510778,-0.101814650984,-0.00505699859053,0.0413219356987,-0.0193590367018,0.574099441037,0.818771183194,0.00208045046158,0.0,0.818728481961,-0.574039052714,-0.011982724519,0.0,-0.00861701562437,0.00858276474147,-0.99992603886,0.0,0.658060053733,0.256134884546,0.303366922824,1.0,-0.01218,-0.016008,0.61
0.462255242001,0.526815404543,-0.124053044885,-1.38873478166,0.0776234783568,1.90622306701,0.155027981911,-0.00528475676948,-0.0623564998806,0.000941754392838,-0.102245490998,-0.0109972854964,0.0348479900281,-0.0164322140446,0.574084882881,0.818781250268,0.00213503115985,0.0,0.81873938374,-0.574024393941,-0.0119399989614,0.0,-0.00855085194061,0.00860277263146,-0.999926434911,0.0,0.657866911953,0.255882119313,0.303409908189,1.0,-0.0125,-0.0164285714286,0.626
0.462099510513,0.525653607489,-0.124053407172,-1.39056485832,0.0775046978257,1.90688891849,0.154788829567,-0.0118079795282,-0.0709730037985,0.00116779614083,-0.110756494328,-0.00464787047236,0.0393331333685,-0.00796172292643,0.574083399392,0.818782307918,0.00212830540912,0.0,0.818740381466,-0.57402296607,-0.0119402295795,0.0,-0.00855491725716,0.00859738269529,-0.999926446496,0.0,0.657647407855,0.255603486592,0.303413960811,1.0,-0.01284,-0.0168754285714,0.643
0.461939240393,0.524400788191,-0.124066970781,-1.39254460339,0.077394399407,1.90760424533,0.154513913924,-0.00684149692535,-0.0738486609382,0.000124260517999,-0.115795044354,-0.00297318440004,0.0433363038976,-0.0179025934418,0.574075845947,0.818787623773,0.00212065019788,0.0,0.818745517422,-0.57401536457,-0.011953486569,0.0,-0.00857024607099,0.00859864630825,-0.999926304366,0.0,0.657408102687,0.255302364352,0.303415225921,1.0,-0.0132,-0.0173485714286,0.661
0.461780442408,0.523198663083,-0.124076606167,-1.39444369756,0.077266021234,1.90830898918,0.154258863192,-0.00893099232332,-0.0710139951626,-0.00204605813988,-0.1130271246,-0.00538340744289,0.0463544196796,-0.0163248656255,0.574071099625,0.81879096131,0.00211687349003,0.0,0.818748941891,-0.574010770961,-0.0119395089725,0.0,-0.00856101867127,0.00858748031051,-0.999926479368,0.0,0.65718338095,0.255009817544,0.303417810052,1.0,-0.01354,-0.0177954285714,0.678
0.461639432545,0.522133830275,-0.124069817434,-1.39616981119,0.0771612211799,1.90898268926,0.154015357277,-0.0125691605101,-0.0763577098611,0.00105181982019,-0.116860925833,-0.0101371293536,0.0448079593307,-0.0122751729589,0.574048512385,0.818806775828,0.00212513239787,0.0,0.818764853246,-0.573988141866,-0.0119362887185,0.0,-0.0085538779733,0.00859215792376,-0.999926500296,0.0,0.65696350817,0.254742433243,0.30340342372,1.0,-0.01386,-0.018216,0.694
0.461461824996,0.520799399658,-0.124077293281,-1.39831446033,0.0770250118509,1.9097855019,0.153736646761,-0.0109382947413,-0.0758432023214,0.000760888949967,-0.11828926567,-0.00602480337347,0.0420612273744,-0.0183061822037,0.574047172154,0.818807747131,0.00211288472976,0.0,0.818765721135,-0.573986908376,-0.0119360717409,0.0,-0.00856074465882,0.00858199104884,-0.999926528841,0.0,0.656723351847,0.254433354147,0.30338926607,1.0,-0.0142,-0.0186628571429,0.711
0.461313816613,0.519639592126,-0.12408643652,-1.400126672,0.076905980747,1.91043860383,0.153502297594,-0.0123673091742,-0.0784236367357,-0.00128824257096,-0.123468008351,-0.00594500675936,0.0417268932689,-0.0170518278439,0.574047157879,0.818807773021,0.00210672085093,0.0,0.818765736178,-0.573986988983,-0.0119311625592,0.0,-0.00856026309836,0.0085741258842,-0.999926600437,0.0,0.656502465752,0.254156078412,0.303398019392,1.0,-0.0145,-0.0190571428571,0.726
0.461125243399,0.518224413471,-0.124086796402,-1.40233314803,0.0767716987215,1.9112240424,0.153196465814,-0.0114853991041,-0.0744944062764,0.000225561378108,-0.12265655668,-0.00461477882555,0.0488496009192,-0.0182652161504,0.574032114329,0.818818329658,0.00210276877399,0.0,0.818776161574,-0.573971883711,-0.0119423971152,0.0,-0.00857188853918,0.00857718154895,-0.999926474639,0.0,0.656229983205,0.253820415473,0.303409225479,1.0,-0.01486,-0.0195302857143,0.744
0.460947353288,0.516857802267,-0.124095444832,-1.40446841649,0.0766352924786,1.91198696187,0.152902092465,-0.0071987290952,-0.077009403013,-0.00216781597162,-0.131666442339,-0.00817216388363,0.0395811574567,-0.0151205680186,0.574018885414,0.81882762816,0.00209319167624,0.0,0.818785358023,-0.573958718646,-0.011944608781,0.0,-0.00857933524384,0.00857047072333,-0.999926468316,0.0,0.655967044758,0.253492939798,0.303418109332,1.0,-0.0152,-0.0199771428571,0.761
0.460776717524,0.515571377644,-0.124089004443,-1.40651254312,0.0765014911325,1.91278325565,0.15261507668,-0.0105731054816,-0.0833572601001,0.00225922787015,-0.126193377372,-0.00710310539268,0.0433054279424,-0.0187567025283,0.573991043973,0.818847076521,0.00211981439866,0.0,0.8188052241,-0.573930842417,-0.0119222485463,0.0,-0.00854603604176,0.00857914416845,-0.999926679089,0.0,0.655724119442,0.253191464587,0.303416173023,1.0,-0.01552,-0.0203977142857,0.777
0.460591069198,0.514175577506,-0.124097211185,-1.40874684246,0.0763728167851,1.9135788466,0.152315029624,-0.00941741287182,-0.0819310912762,0.00487079788019,-0.13345897912,-0.00810473077164,0.0433032090982,-0.0210722894222,0.573984794377,0.818851565214,0.00207770839964,0.0,0.818809018695,-0.573924621545,-0.01196104466,0.0,-0.00860203775038,0.00856686907432,-0.999926304135,0.0,0.655427288765,0.252830401619,0.30339588309,1.0,-0.01588,-0.0208708571429,0.795
0.460404474917,0.512760093428,-0.124102443639,-1.41101864866,0.076235426736,1.91436587688,0.151989443527,-0.00554288212333,-0.0834054402268,-0.000111520925661,-0.135043162666,-0.0079601444533,0.0442832037945,-0.0177501127448,0.573957784831,0.818870623698,0.00202725846218,0.0,0.818827330382,-0.573897738465,-0.0119973207689,0.0,-0.00866098124473,0.00854609482582,-0.999925973094,0.0,0.655154569866,0.252506275202,0.303379369032,1.0,-0.0162,-0.0212914285714,0.811
0.460216968804,0.511421567391,-0.124103218648,-1.41318287311,0.0761008133077,1.91518894233,0.151689387884,-0.0135867913123,-0.085454739762,-0.00109400937154,-0.135902018018,-0.0130173298183,0.0483940494572,-0.0258934749759,0.573943282105,0.818880804303,0.00202093342605,0.0,0.818837439415,-0.573883275064,-0.011999221454,0.0,-0.00866631907551,0.00854185295295,-0.99992596309,0.0,0.65489334122,0.252177837233,0.303358161862,1.0,-0.01652,-0.021712,0.827
0.460000059176,0.509864366731,-0.124106144026,-1.41566443265,0.0759434776999,1.91612098313,0.151341911801,-0.0111063811723,-0.0887478912208,-0.000256093762778,-0.139494943229,-0.0122089675098,0.0599769169235,-0.0259567646317,0.573925481024,0.818893278181,0.00202190078874,0.0,0.818849960075,-0.573865505801,-0.0119946253817,0.0,-0.0086621857545,0.00853981894002,-0.999926016278,0.0,0.654592163537,0.251797920256,0.303348043294,1.0,-0.01688,-0.0221851428571,0.845
0.459789448706,0.508352344444,-0.124109641997,-1.41804284706,0.0757945583707,1.91695990872,0.151024946417,-0.0144981330856,-0.0926539086087,0.00159048502818,-0.139666090477,-0.0114349838707,0.0549737999211,-0.016438670348,0.573923987542,0.818894386134,0.00199694379944,0.0,0.818850683225,-0.5738640601,-0.0120144083623,0.0,-0.00869272464592,0.00853072019256,-0.999925828925,0.0,0.654292876159,0.251428635922,0.303346777136,1.0,-0.01722,-0.022632,0.862
0.459593127437,0.506995772016,-0.124112785193,-1.42016451948,0.0756651303482,1.91772545816,0.150717952782,-0.0116553155374,-0.0910497455088,-0.000803239623407,-0.139252308036,-0.0046479305729,0.0511714039494,-0.0185215865029,0.573910460542,0.818903864838,0.0019975824216,0.0,0.818860110507,-0.573850473433,-0.0120208344785,0.0,-0.00869776165351,0.00853478753525,-0.999925750415,0.0,0.654030652011,0.251095540266,0.303352127304,1.0,-0.01752,-0.0230262857143,0.877
0.459355871932,0.505308833349,-0.124124514053,-1.42276155998,0.075498360777,1.9187262238,0.150366432124,-0.0122162173927,-0.09553040612,-0.000547165718815,-0.146111469115,-0.00166140353237,0.0564004826939,-0.0132339517856,0.57391449379,0.818900868045,0.00206616416814,0.0,0.818858150575,-0.57385435743,-0.0119688176891,0.0,-0.00861576376414,0.00856113814322,-0.999926235044,0.0,0.653723513773,0.250688545233,0.303382288409,1.0,-0.01788,-0.0234994285714,0.895
0.45911446054,0.503563428811,-0.124129125758,-1.42537482696,0.075333260024,1.91973124228,0.149998981472,-0.0167706311232,-0.0911274157024,8.82092713222e-05,-0.140609906994,-0.0096574343164,0.0547068286785,-0.0201222586356,0.573903987845,0.818907968967,0.00216748693398,0.0,0.818866683794,-0.573843549623,-0.0119030092472,0.0,-0.00850383445644,0.0086062330088,-0.999926806098,0.0,0.653429614225,0.250303757548,0.303439738923,1.0,-0.01822,-0.0239462857143,0.912
0.45891452683,0.502054666472,-0.124142832062,-1.42759430019,0.0751832903423,1.92054679801,0.149686009772,-0.0156742937639,-0.0955534745561,-0.00153877774325,-0.151479372991,-0.00895758164213,0.0580987214568,-0.0191920942682,0.573894647611,0.818914265161,0.00225979235272,0.0,0.818874308706,-0.573833973897,-0.0118399258261,0.0,-0.00839930024405,0.00864552241345,-0.99992735071,0.0,0.653142945059,0.249931594257,0.303513008204,1.0,-0.01854,-0.0243668571429,0.928
0.458668147557,0.500243401706,-0.124136220675,-1.43032480895,0.0750092495445,1.92151753039,0.149306371068,-0.0119124706811,-0.0974125952213,-0.000568314585789,-0.148165399386,-0.00913914667859,0.0547066022909,-0.0201616648007,0.573872775362,0.818929467415,0.00230477749627,0.0,0.818890023729,-0.573811854705,-0.0118250301623,0.0,-0.00836151798829,0.00867358917006,-0.9999274243,0.0,0.652796021178,0.249512396892,0.303561195706,1.0,-0.0189,-0.02484,0.946
0.458440972315,0.498658623419,-0.124138325393,-1.43280347365,0.0748571660925,1.92242851404,0.148954275963,-0.014772912456,-0.0991515877892,-0.000757483836599,-0.157588682874,-0.0140364304031,0.0523631389053,-0.0233049172338,0.573857036537,0.818940456147,0.00231900944832,0.0,0.818901147113,-0.573796010479,-0.0118235577278,0.0,-0.00835231219707,0.0086842384949,-0.999927408807,0.0,0.652486756338,0.249127063039,0.303565811132,1.0,-0.01922,-0.0252605714286,0.962
0.458196008256,0.497075587177,-0.124135780464,-1.43530730288,0.0747065842369,1.9233406817,0.148578224514,-0.0122113177217,-0.100631214314,-0.00380621877516,-0.155191260112,-0.0135094646278,0.0537119130009,-0.020056687382,0.573834170063,0.818956492123,0.00231434192821,0.0,0.818917004897,-0.573773042879,-0.0118398165961,0.0,-0.00836854877704,0.00868951259034,-0.999927227233,0.0,0.65217382016,0.248730281819,0.303556657384,1.0,-0.01954,-0.0256811428571,0.978
0.457929654526,0.495403180284,-0.124135188214,-1.43801508268,0.0745454640087,1.92426400649,0.148192408213,-0.0172317103474,-0.098557134684,0.00145757667034,-0.158514036725,-0.0104098961733,0.0585285508662,-0.0277081412306,0.573837058102,0.818954752867,0.00221142644842,0.0,0.818913676515,-0.57377608185,-0.0119224668363,0.0,-0.00849526083871,0.00865268724892,-0.999926478071,0.0,0.651799793288,0.24826537034,0.303505194809,1.0,-0.0199,-0.0261542857143,0.996
0.45762507016,0.493586426371,-0.124147324955,-1.44097304308,0.0743538999775,1.92533154742,0.14778463268,-0.0186601608136,-0.0992160304694,-0.00275894674387,-0.166627432592,-0.0111679501494,0.0570931030994,-0.0213453922815,0.573850020984,0.818945826686,0.00215250367465,0.0,0.818904011976,-0.573789312795,-0.0119495017923,0.0,-0.0085510756542,0.0086200817125,-0.999926283931,0.0,0.651453144859,0.247803987518,0.303463470044,1.0,-0.0222017142857,-0.0291793959184,1.013
0.457357483332,0.491712727863,-0.124172751749,-1.44393797921,0.0741789759371,1.92643530154,0.147364925299,-0.0205352632449,-0.120405362463,0.000766015058568,-0.191776733635,-0.00974865733278,0.0683698984465,-0.0242233400038,0.573845333411,0.818949089894,0.00216064472883,0.0,0.818907368715,-0.573784579762,-0.0119467314847,0.0,-0.00854418475089,0.00862511006172,-0.999926299476,0.0,0.651083536343,0.247334673476,0.303452741801,1.0,-0.025164,-0.0330726857143,1.029
0.457019320565,0.489499472884,-0.124183889841,-1.44752575381,0.073967224706,1.92769564788,0.14683886884,-0.0226932581158,-0.139578271554,-0.00192365508106,-0.217444366268,-0.00953476631425,0.0760321693878,-0.0319541005751,0.573821118034,0.818966297731,0.00206750565593,0.0,0.818923119648,-0.573760513048,-0.0120226733619,0.0,-0.00866007791946,0.00859215747756,-0.999925586171,0.0,0.650616876695,0.246763475392,0.303394097162,1.0,-0.0283114285714,-0.0372093061224,1.046
0.456613581193,0.48695680454,-0.124210501389,-1.45149956549,0.0737235267969,1.9291957854,0.146266295102,-0.0242656357094,-0.15089189005,0.000118270193518,-0.245795899214,-0.0139192413507,0.0949818002537,-0.0321289677511,0.573836973477,0.818955017708,0.00213395017982,0.0,0.818912791459,-0.573776172778,-0.0119787494279,0.0,-0.0085858124863,0.00862153440761,-0.999925973744,0.0,0.650104459532,0.246069107894,0.303404772189,1.0,-0.031644,-0.0415892571429,1.064
0.456193035025,0.484292435833,-0.12423451125,-1.45555182742,0.0734712199618,1.93070504328,0.145641483644,-0.0296210705276,-0.171535544514,0.000215106907211,-0.255810020292,-0.0188501344256,0.0896730746605,-0.0399835217973,0.573816877823,0.81896887333,0.00221859040695,0.0,0.818927791779,-0.573755774747,-0.0119302010664,0.0,-0.0084976978752,0.00866278285598,-0.999926369951,0.0,0.649633709679,0.245438406689,0.303453001836,1.0,-0.0344211428571,-0.0452392163265,1.079
0.455661691733,0.481038716882,-0.124294220849,-1.46063363745,0.0731573216789,1.93245754516,0.144885428156,-0.0296841136795,-0.188324263958,-0.00738337639388,-0.297059368921,-0.0204718440468,0.106175066899,-0.0432325053545,0.573839384859,0.818953290964,0.00214813996128,0.0,0.818911229735,-0.573778504959,-0.0119738031689,0.0,-0.00857359404337,0.00863034194305,-0.999926002604,0.0,0.648981649787,0.24456804794,0.303444783866,1.0,-0.0377537142857,-0.0496191673469,1.097
0.455119637904,0.477672152222,-0.124351049469,-1.46580335029,0.0728421782099,1.93433834309,0.144125125936,-0.0340188981083,-0.207379582544,-0.00192537696709,-0.3138834648,-0.022150458598,0.124293503453,-0.0461328282664,0.573867907754,0.818933144625,0.00220816336894,0.0,0.818891909264,-0.57380682223,-0.0119381156719,0.0,-0.00850962323898,0.00865931529895,-0.999926298569,0.0,0.648334012404,0.243692332587,0.303481293627,1.0,-0.0409011428571,-0.0537557877551,1.114
0.45458535241,0.474514594479,-0.124376154152,-1.47064548681,0.0725545360633,1.93612918721,0.143426943345,-0.0368436329073,-0.213539163366,-0.00409643232747,-0.329949000758,-0.0207896012831,0.1261703744,-0.0515395475087,0.573908107484,0.818904714174,0.00230220972188,0.0,0.818864597,-0.573846529408,-0.0119029142689,0.0,-0.00842639978263,0.00871654485821,-0.999926506116,0.0,0.647728900393,0.242875115838,0.303517749941,1.0,-0.0436782857143,-0.0574057469388,1.129
0.45389690138,0.470463236739,-0.124393738356,-1.47687653422,0.0721687393578,1.93831755103,0.142495854669,-0.0406051782064,-0.231220517522,0.00025135297155,-0.344036416017,-0.0215458919882,0.1237516799,-0.048934999613,0.573915255407,0.818899667929,0.00231524888919,0.0,0.818859453038,-0.573853347493,-0.0119280611693,0.0,-0.00843943449053,0.00874172801691,-0.999926176343,0.0,0.646918207983,0.241822295333,0.303542473135,1.0,-0.0470108571429,-0.0617856979592,1.147
0.453215888972,0.466327633014,-0.124409683387,-1.48305860731,0.0717674069548,1.94067665978,0.141487331947,-0.0391919054785,-0.247159223434,3.31367294239e-05,-0.373539323775,-0.0290496354955,0.131598849439,-0.0600012811169,0.573842808746,0.81894967149,0.00257163746173,0.0,0.818913006546,-0.573780152557,-0.0117716244774,0.0,-0.00816497066451,0.0088611800243,-0.999927403736,0.0,0.646147978225,0.240791707991,0.303659128812,1.0,-0.0501582857143,-0.0659223183673,1.164
0.452515258602,0.462260909953,-0.124413548074,-1.48937761911,0.071355544053,1.94282444314,0.140539962406,-0.0445538702252,-0.258448348285,0.000577251503786,-0.412654716463,-0.0313964412022,0.134779947282,-0.0578672656866,0.573826903046,0.818961087316,0.00248388883478,0.0,0.818922977663,-0.57376425145,-0.0118527344494,0.0,-0.00828192112699,0.0088357016571,-0.999926667391,0.0,0.645294960017,0.23972443829,0.303640928773,1.0,-0.0531205714286,-0.0698156081633,1.18
0.451729172809,0.45771418391,-0.124427474582,-1.49639786654,0.070869708697,1.94526512184,0.139490456809,-0.050883176501,-0.268405728771,0.000137991575238,-0.419624762506,-0.026729976885,0.15080454037,-0.0720370679446,0.573813216698,0.818970814586,0.00243805270792,0.0,0.818932132031,-0.573750768418,-0.0118729006129,0.0,-0.00832488475165,0.00880959660634,-0.999926540953,0.0,0.644356071108,0.238528946498,0.303640775562,1.0,-0.056268,-0.0739522285714,1.197
0.450882888834,0.452971205006,-0.124449330282,-1.50374567382,0.070374646875,1.94789088991,0.138319556979,-0.0527026658113,-0.290242382371,-0.00324030591084,-0.434793144417,-0.0305968923285,0.156565780213,-0.0752851503342,0.573764744482,0.81900476684,0.00244065230079,0.0,0.818966147121,-0.573702323038,-0.01186765823,0.0,-0.00831962094536,0.00880822508878,-0.999926596845,0.0,0.643384383008,0.237266292576,0.303630974404,1.0,-0.0594154285714,-0.0780888489796,1.214
0.450032781452,0.448188282255,-0.124504912358,-1.51085818712,0.069888469099,1.95056632013,0.137213310391,-0.0594877720145,-0.302138777271,-0.00408326171446,-0.451502404954,-0.0223855155318,0.156829025316,-0.0678323728065,0.573785160338,0.818989628321,0.00270654384874,0.0,0.818954965061,-0.573722302969,-0.0116718112715,0.0,-0.00800644195389,0.0089138212436,-0.999928217763,0.0,0.642481753572,0.236015373429,0.303759705474,1.0,-0.0623777142857,-0.0819821387755,1.23
0.449077144414,0.442974554042,-0.124532776579,-1.51897111985,0.069352233794,1.95325425762,0.136001232839,-0.0588700946768,-0.308902713655,-0.00149007210735,-0.483402047808,-0.0298748923586,0.166889155054,-0.0797238112921,0.573810730495,0.818972287571,0.00252678846446,0.0,0.818934864778,-0.573748056281,-0.0118153318652,0.0,-0.00822684778823,0.00884920975278,-0.999927002567,0.0,0.641349601895,0.234597122483,0.303702756379,1.0,-0.0655251428571,-0.0861187591837,1.247
0.447999823242,0.437227512744,-0.12455167716,-1.527910821,0.0687460157033,1.95631697939,0.134541702296,-0.060596195031,-0.31845596252,-0.000939861879787,-0.503648345759,-0.0297944409809,0.17643412852,-0.0774014357662,0.573738664056,0.819023134757,0.00240769630137,0.0,0.81898389344,-0.573676171309,-0.0119071264142,0.0,-0.00837113517616,0.00880361278957,-0.999926207526,0.0,0.640112672527,0.233032470315,0.303642308696,1.0,-0.0688577142857,-0.0904987102041,1.265
0.447035908611,0.432143111857,-0.124559408818,-1.53539680174,0.0682340776317,1.95913545943,0.133318514673,-0.0701826171912,-0.33996551422,0.00104302755205,-0.496793823162,-0.0451673900248,0.187648582819,-0.0858445191684,0.57371704314,0.819037212195,0.00274706232733,0.0,0.819002691323,-0.573653624773,-0.01169860209,0.0,-0.00800588231889,0.00896171137998,-0.999927794182,0.0,0.639136950659,0.231708543973,0.303791418778,1.0,-0.0716348571429,-0.0941486693877,1.28
0.445794739674,0.425988570437,-0.12463018944,-1.54497396436,0.0675340267456,1.96235462189,0.131784346077,-0.0690749167988,-0.351889361641,-0.00751952792503,-0.550790644109,-0.0369341446755,0.179070390106,-0.0892164609573,0.573744128361,0.819018931796,0.00253208065539,0.0,0.818981795366,-0.573681677101,-0.0117855470628,0.0,-0.00820013576706,0.00883578650422,-0.999927340685,0.0,0.63780397996,0.229941141719,0.303704780618,1.0,-0.0749674285714,-0.0985286204082,1.298
0.444632495034,0.420236798008,-0.124737446171,-1.55381597013,0.066906306362,1.96521808132,0.130336757479,-0.0753402708556,-0.359766239433,-0.00644723931881,-0.557921044451,-0.0371161771627,0.182260107458,-0.0833817767133,0.573787043272,0.818989517163,0.00231228283641,0.0,0.818949503347,-0.573725411774,-0.0118999896302,0.0,-0.00841951344072,0.00872187066837,-0.999926517683,0.0,0.636550249726,0.228274500726,0.30365537591,1.0,-0.0779297142857,-0.102421910204,1.314
0.44332380113,0.413837674738,-0.12477597523,-1.56324914568,0.0662569432555,1.9687026098,0.128815988548,-0.0786073891514,-0.383071023616,-0.000652354102647,-0.559404759714,-0.0406866625862,0.201729279149,-0.0978461347307,0.573853946381,0.818941535891,0.00267505448502,0.0,0.818906564216,-0.573791301503,-0.0116759712759,0.0,-0.00802716940303,0.00889109305301,-0.999928253934,0.0,0.635288912585,0.226534482997,0.303805452397,1.0,-0.0810771428571,-0.106558530612,1.331
0.44185458651,0.406970337392,-0.124804156418,-1.57373013779,0.0655349832111,1.97219829067,0.127050508013,-0.0876054216587,-0.384076746351,-0.00875308722617,-0.595969747602,-0.0461300717743,0.200851035468,-0.0924542736888,0.573857577999,0.818939313081,0.0025746001577,0.0,0.818902575128,-0.573794787972,-0.0117839147273,0.0,-0.00817317623955,0.00887080625433,-0.999927251347,0.0,0.63378659171,0.224578491181,0.303765021458,1.0,-0.0844097142857,-0.110938481633,1.349
0.440313731887,0.399857953322,-0.124900196395,-1.58448321293,0.0647697099572,1.97587739836,0.125243887816,-0.0859741547014,-0.41058255801,-0.00462879761167,-0.589917303725,-0.0511496494797,0.223176676683,-0.0951852847059,0.573926730915,0.818890839413,0.00257828780223,0.0,0.81885426758,-0.573864046829,-0.0117682251488,0.0,-0.00815746215486,0.00886551164681,-0.999927426624,0.0,0.632267617072,0.222518979358,0.303765925103,1.0,-0.0877422857143,-0.115318432653,1.367
0.438861737803,0.393299268113,-0.124922033313,-1.59423149966,0.0640171394245,1.97930235952,0.123561727606,-0.0908200807199,-0.410714140229,0.000702578875001,-0.621734327576,-0.0511733843984,0.21124909594,-0.101629905607,0.573922229402,0.818893500236,0.00273070869573,0.0,0.818859423334,-0.573859576008,-0.0116266393106,0.0,-0.00795408916755,0.00890902482779,-0.999928678328,0.0,0.630894488798,0.220658662822,0.303835679976,1.0,-0.0907045714286,-0.119211722449,1.383
0.437373500467,0.386659272223,-0.124966217635,-1.6044324161,0.0632560404436,1.98252662711,0.121803718724,-0.0969774446044,-0.411533014928,-0.00357534327555,-0.643875093159,-0.0472936819915,0.200333768099,-0.110442988416,0.573908660603,0.818903970577,0.00242552258376,0.0,0.818865571394,-0.573846720669,-0.0118264138246,0.0,-0.0082929787236,0.00877362717382,-0.999927122329,0.0,0.629356716647,0.218703655426,0.303718631061,1.0,-0.0936668571428,-0.123105012245,1.399
