position_joint1,position_joint2,position_joint3,position_joint4,position_joint5,position_joint6,position_joint7,velocity_joint1,velocity_joint2,velocity_joint3,velocity_joint4,velocity_joint5,velocity_joint6,velocity_joint7,ee_T_00,ee_T_10,ee_T_20,ee_T_30,ee_T_01,ee_T_11,ee_T_21,ee_T_31,ee_T_02,ee_T_12,ee_T_22,ee_T_32,ee_T_03,ee_T_13,ee_T_23,ee_T_33,v_x,v_y,time
0.465060547892,0.547863360478,-0.124000961268,-1.35586655863,0.0794710632724,1.89409872813,0.159164435398,-0.000379120819023,0.00207613478756,0.000946180178125,-0.000200236341468,0.000105408919558,0.00561495049042,0.000860661569864,0.573823784443,0.818965008741,0.00182366815766,0.0,0.818920504608,-0.573766018839,-0.0119377409314,0.0,-0.00873040137501,0.00834375957009,-0.999927078225,0.0,0.66167473417,0.260864678476,0.30314039654,1.0,0.0,0.0,0.0
0.465054602431,0.547857005924,-0.124003519779,-1.35586962796,0.0794717861524,1.89409904209,0.159159702578,-0.00126267148482,-0.000757692755844,-0.000487205600267,-0.000168820875578,0.000235325128609,0.0057362761807,0.000132040970456,0.573826915933,0.818962807588,0.00182681155304,0.0,0.818918348193,-0.573769140204,-0.0119356459571,0.0,-0.00872685004823,0.00834516507901,-0.999927097497,0.0,0.661676360069,0.2608591224,0.303143550657,1.0,-0.00028,-0.000368,0.015
0.465054525241,0.547854830336,-0.12400663526,-1.35587276904,0.0794716658219,1.89409872387,0.159155038258,-0.0014315686313,-0.00256422254519,0.00270760709472,-0.000960750019976,0.000370117026578,0.00101132595245,-0.00150652315292,0.573825469554,0.81896382484,0.00182510163951,0.0,0.818919356346,-0.573767713867,-0.0119350419634,0.0,-0.00872735124926,0.00834340275505,-0.999927107829,0.0,0.661676376229,0.26085688264,0.303143672275,1.0,-0.00058,-0.000762285714286,0.03
0.465059458415,0.54781841854,-0.124002133885,-1.35589973911,0.0794682959628,1.89410110236,0.159158887257,0.000787151866042,-0.00251229279863,0.000927446830937,-0.00213043989061,-0.000172191847837,2.73903087262e-05,-0.000279761576788,0.573821969632,0.818966252589,0.00183607984157,0.0,0.818921910265,-0.573764151659,-0.0119310543888,0.0,-0.00871782195462,0.00835006790509,-0.999927135319,0.0,0.661669502343,0.260859647408,0.303156681768,1.0,-0.00094,-0.00123542857143,0.048
0.465057082649,0.547712503747,-0.124002395261,-1.35601468738,0.0794680623927,1.8941261661,0.159158032501,3.17860745583e-05,-0.0130539313714,0.00105491019805,-0.0109851460154,-0.0047297848549,-0.000577580714833,-0.000466270421289,0.573829600164,0.818960863921,0.00185478910356,0.0,0.818916682328,-0.573771622448,-0.0119306152635,0.0,-0.00870664926,0.00836521898184,-0.999927106028,0.0,0.661651645316,0.260847339661,0.303179187959,1.0,-0.00128,-0.00168228571429,0.065
0.465055299823,0.547587413309,-0.124001585895,-1.35619250567,0.0794674821411,1.89415334478,0.159153733663,0.00154590985414,-0.0122116501653,0.000541797228046,-0.0134039238767,-0.00018517960018,0.0018984745319,-0.00283272574794,0.573836491269,0.818956067781,0.00184044390319,0.0,0.818911549562,-0.573778430012,-0.0119555070442,0.0,-0.00873519620353,0.00836782808884,-0.999926835224,0.0,0.661619910082,0.260828910805,0.303185501033,1.0,-0.0016,-0.00210285714286,0.081
0.465038902627,0.547432348911,-0.124004504109,-1.35640602742,0.079461883714,1.89426357696,0.159149600144,-0.0010645413892,-0.0156707375977,0.00131050795436,-0.0091272166005,0.000401827109132,0.00177308578496,0.00146415683644,0.573859240272,0.818940022033,0.0018866817369,0.0,0.818896097132,-0.573800971382,-0.0119320678959,0.0,-0.00868923542695,0.00839248530983,-0.999927029027,0.0,0.661602298777,0.260799653675,0.303203375557,1.0,-0.00194,-0.00254971428571,0.098
0.465013412678,0.547244556046,-0.124003586199,-1.3566142031,0.0794610190508,1.89438824909,0.159141238112,-0.00198234200123,-0.0133901107317,-0.00061145021981,-0.0144366006189,0.000672829649327,0.00595518869213,0.00106874580416,0.573884294758,0.818922241142,0.00198143744551,0.0,0.818879505234,-0.573825584877,-0.011887007581,0.0,-0.00859770092003,0.00844448806,-0.999927382443,0.0,0.661590883608,0.260769423678,0.303248106318,1.0,-0.00228,-0.00299657142857,0.115
0.464987867881,0.547053374482,-0.124004454094,-1.35686128078,0.0794523029333,1.89450522439,0.159122737089,-0.00221817070257,-0.0128306419196,-0.000877753585955,-0.01173932988,-0.00305847613763,0.00297472945265,0.000648071090742,0.573902311712,0.818909480445,0.00203625899913,0.0,0.81886744181,-0.573843360231,-0.0118599141739,0.0,-0.00854386694381,0.00847402150976,-0.999927594027,0.0,0.661569947557,0.260731745759,0.303276091315,1.0,-0.0026,-0.00341714285714,0.131
0.464957921478,0.546820493799,-0.124004271827,-1.35722846965,0.0794457201972,1.89463903191,0.15909333386,-3.15890001868e-05,-0.0173566742379,-0.00031040526719,-0.0193395829549,0.000353874347825,0.00591366147391,5.99719275836e-05,0.573921428384,0.818896063365,0.00204410094628,0.0,0.818853980767,-0.573862297907,-0.0118729997645,0.0,-0.00854988491306,0.00848815260422,-0.999927422733,0.0,0.661526677416,0.260679530726,0.303277863972,1.0,-0.00294,-0.003864,0.148
0.46491190198,0.546528518336,-0.124004534159,-1.35766856878,0.0794362272839,1.89480191445,0.158948398934,-0.00270328544127,-0.0147177861221,5.15721460563e-05,-0.0255063519257,-7.83844544623e-05,0.00963127946968,-0.0072113212223,0.573862705111,0.818937158455,0.00206714454075,0.0,0.818895212425,-0.573803325977,-0.0118794388583,0.0,-0.00854254396031,0.00851010553211,-0.999927298881,0.0,0.661478465864,0.260610053562,0.303289304977,1.0,-0.0033,-0.00433714285714,0.166
0.464866365889,0.546260686793,-0.12400210755,-1.35811821912,0.0794186585363,1.89495690398,0.158915067913,-0.00501597335227,-0.0119669091781,0.00168243875696,-0.0302462033883,-2.09311949485e-05,0.00983960880362,-0.00146535791967,0.573891451988,0.818917057777,0.00204956533815,0.0,0.818874765955,-0.573832024614,-0.0119026093795,0.0,-0.00857130864963,0.00850930694638,-0.999927059522,0.0,0.661425518054,0.260539152447,0.303278296694,1.0,-0.00362,-0.00475771428571,0.182
0.464820350231,0.54593494015,-0.124009776915,-1.35866108508,0.079388423826,1.89514763233,0.158885872784,-0.000717681393721,-0.0202379911379,-0.000789953407384,-0.0337836121985,-0.00239323050734,0.0185100738032,-0.00179612292001,0.573932882649,0.818888081404,0.00202564789795,0.0,0.818845477837,-0.573873548088,-0.0119155835373,0.0,-0.00859522908012,0.00849760143412,-0.999926953736,0.0,0.661362933425,0.260452161307,0.303267326106,1.0,-0.00396,-0.00520457142857,0.199
0.464758877094,0.545580990473,-0.124007651657,-1.35926364343,0.0792964612314,1.89534369462,0.158778093228,-0.00209013355089,-0.019951034933,-0.00018764271272,-0.0393066928368,-0.00361526140092,0.0112403475254,-0.0129122133225,0.573902572808,0.818909504972,0.00195102337378,0.0,0.818866379304,-0.573843992193,-0.0119026203281,0.0,-0.00862775199003,0.00842873415472,-0.999927256522,0.0,0.661293617662,0.26034426846,0.303247913841,1.0,-0.0043,-0.00565142857143,0.216
0.464697821889,0.54519006503,-0.124010593888,-1.35995974389,0.0792761429588,1.8955638773,0.158704180765,-0.00199016992579,-0.0208614026987,-0.00241724082839,-0.0384593226608,-0.000638611140042,0.0108265755006,-0.000313268394656,0.573927401249,0.818892248855,0.00188938170898,0.0,0.818848077513,-0.573868840595,-0.0119635549931,0.0,-0.00871277290973,0.00841349059276,-0.999926647692,0.0,0.661205553541,0.260236338968,0.303212525125,1.0,-0.00464,-0.00609828571429,0.233
0.464633262287,0.544768370213,-0.124010580506,-1.36062513736,0.0792549785207,1.89578794641,0.158636713469,-0.00372659018827,-0.02717946571,6.18297471863e-05,-0.0389824841969,-0.00453233739813,0.0120290379166,-0.00551274019651,0.573956363827,0.818871963131,0.00188343314749,0.0,0.818827504298,-0.573897622439,-0.0119909993063,0.0,-0.00873836357709,0.00842467942537,-0.999926330176,0.0,0.661126348532,0.260131997114,0.303213728067,1.0,-0.00496,-0.00651885714286,0.249
0.464575961292,0.544315872641,-0.124014013897,-1.36138606184,0.0792230063612,1.89607379778,0.158513561785,0.000702476881372,-0.0290822818919,0.0023486778721,-0.0441957285353,0.00030160566179,0.0158024007497,-0.00604344251681,0.573938858651,0.818884263521,0.00186986350322,0.0,0.818839509452,-0.573880063997,-0.0120115281908,0.0,-0.00876314274703,0.00842516310469,-0.999926109248,0.0,0.661037722892,0.260021966332,0.303196685725,1.0,-0.0053,-0.00696571428571,0.266
0.46450932103,0.543827976474,-0.124016987136,-1.36215843948,0.0791865693946,1.89634161747,0.158443203747,0.000327562196873,-0.0250811127136,-0.00118800046624,-0.0510389461708,6.97719899858e-05,0.0157035510561,-0.00270090949848,0.573971115746,0.818861675711,0.00186044119119,0.0,0.818816689652,-0.573912253193,-0.012029184651,0.0,-0.00878267739852,0.00842792709681,-0.999925914567,0.0,0.660946272638,0.259903195237,0.303197599691,1.0,-0.00562,-0.00738628571429,0.282
0.464415533106,0.543267157507,-0.124015152514,-1.36306208704,0.0791318740032,1.89664995773,0.158309183195,-0.00721948872955,-0.0314038671494,0.000456475933646,-0.0521408835364,-0.000360785541912,0.0123425995,-0.00864758991257,0.573972463075,0.818860795769,0.00183185292261,0.0,0.818815380513,-0.573913671588,-0.012050605855,0.0,-0.0088166130104,0.00841682732201,-0.999925709417,0.0,0.660841448084,0.259754443251,0.303190900305,1.0,-0.00598,-0.00785942857143,0.3
0.464349491549,0.542696849063,-0.124023288015,-1.36396139592,0.0790777029902,1.89697834123,0.158198894803,-0.00287697022293,-0.0296341837713,0.000357027402133,-0.0496057337936,-0.00171649486794,0.0173097402132,-0.0129386793846,0.573977482237,0.818857284032,0.00182898174701,0.0,0.818811856924,-0.573918727193,-0.0120492506073,0.0,-0.0088170995071,0.00841375245779,-0.999925731005,0.0,0.660736783679,0.259620346533,0.303194975082,1.0,-0.00632,-0.00830628571429,0.317
0.464266826493,0.542124233799,-0.124021563532,-1.36483895387,0.0790321101875,1.89730612414,0.158083921217,-0.0037244820865,-0.0368969961273,-0.000553141186765,-0.0552892874028,-0.00142602939039,0.0235122014933,-0.00201788149419,0.573986423616,0.818850963021,0.00185277229411,0.0,0.818805766019,-0.573927486315,-0.0120459489916,0.0,-0.00880064942659,0.00843143414954,-0.999925726986,0.0,0.660638518929,0.259484949293,0.303210595585,1.0,-0.00664,-0.00872685714286,0.333
0.464179161144,0.541483843696,-0.124031446589,-1.36579550712,0.0789679681837,1.89766383054,0.157958452243,-0.00561264234695,-0.0400586550726,-0.00130993074648,-0.0525146721763,-0.00705815866252,0.0243184762977,-0.00129947875529,0.573998347718,0.818842536759,0.00188247510611,0.0,0.818797836662,-0.573939384788,-0.0120179934964,0.0,-0.00876058634549,0.00843983744729,-0.999926007898,0.0,0.660534634933,0.259330075441,0.303239405236,1.0,-0.00698,-0.00917371428571,0.35
0.464094958361,0.540802434719,-0.124026829234,-1.36685120006,0.078909113964,1.89805557303,0.157819205467,-0.0041439580617,-0.0479650440476,0.00081090645467,-0.0663314844799,-0.00389751890264,0.0111437878173,-0.00765225947713,0.573992852768,0.818846346051,0.00190090289674,0.0,0.818801808203,-0.573933735536,-0.012017195907,0.0,-0.00874941311116,0.00845441006362,-0.999925982621,0.0,0.660411039388,0.259177833926,0.303252427662,1.0,-0.00732,-0.00962057142857,0.367
0.464001266508,0.540133590602,-0.124030518025,-1.3678929734,0.078841966919,1.89844041489,0.157692203651,-0.00591616854199,-0.0414777869098,-0.000446618084096,-0.0645346794634,-0.00713535062531,0.0219185686141,-0.00839671634491,0.574007900564,0.818835782583,0.00190739441576,0.0,0.818791376858,-0.573948799388,-0.0120084871879,0.0,-0.0087384005105,0.00845488740233,-0.999926074885,0.0,0.660293580685,0.259014197988,0.303262751113,1.0,-0.00764,-0.0100411428571,0.383
0.463896673796,0.539341933838,-0.124032945831,-1.36911147739,0.0787801764942,1.89890681046,0.157549420882,-0.00825409475078,-0.0492605127681,0.000597951703245,-0.0680078657968,-0.00259877544585,0.0208394397138,-0.00451996712257,0.574029305757,0.81882068611,0.00194602980362,0.0,0.818776700142,-0.573969954793,-0.0119980498911,0.0,-0.00870745645092,0.00848075939132,-0.999926125732,0.0,0.660156792913,0.25883113854,0.303282681718,1.0,-0.008,-0.0105142857143,0.401
0.463794251477,0.538574368336,-0.124040716587,-1.37031050786,0.0787171107992,1.89936862297,0.157394238549,-0.00423797785332,-0.0432468071551,-0.000902788870079,-0.0715250643078,-0.0069812780944,0.0263028645405,-0.00954626946748,0.574041055357,0.818812382202,0.00197393503869,0.0,0.818768726814,-0.573981551759,-0.0119873739141,0.0,-0.00868257506081,0.00849760465624,-0.999926199079,0.0,0.660023435266,0.258647899462,0.303294502099,1.0,-0.00834,-0.0109611428571,0.418
0.463687382202,0.537841095066,-0.124044945144,-1.37145273996,0.0786433733828,1.8998114968,0.157255834907,-0.00873726143939,-0.0453085388452,-0.000441882524012,-0.0743456691907,-0.00359194205757,0.0342322491265,-0.00645383155815,0.574061601708,0.818797919485,0.00199784692195,0.0,0.81875465834,-0.574002075632,-0.0119655136536,0.0,-0.00865073595861,0.00850485215199,-0.999926413421,0.0,0.659899237346,0.258467077305,0.303307225079,1.0,-0.00866,-0.0113817142857,0.434
0.463577979569,0.53701424689,-0.124050328969,-1.37275217697,0.0785737370454,1.90029216175,0.157098680565,-0.0113359197089,-0.0494388506469,-0.00026393105789,-0.0743711101678,-0.00278250940913,0.0325984332528,-0.00320809139887,0.574079232537,0.818785534337,0.00200759333347,0.0,0.818742331969,-0.574019596195,-0.0119684554889,0.0,-0.00864736679665,0.00851470732369,-0.999926358692,0.0,0.659749038786,0.258269719819,0.303314403531,1.0,-0.009,-0.0118285714286,0.451
0.463461158537,0.536177687641,-0.124049275002,-1.37407151475,0.0784993529567,1.90078395875,0.156933000246,-0.00440620397793,-0.0485310629107,0.000502170035505,-0.0759913022216,-0.00864166331205,0.0361449182731,-0.00714365224565,0.574091162169,0.818777145352,0.00201759000668,0.0,0.81873400893,-0.574031418973,-0.0119707791536,0.0,-0.00864340674099,0.00852435219112,-0.999926310755,0.0,0.659597108065,0.258068973986,0.303319560696,1.0,-0.00934,-0.0122754285714,0.468
0.463357577882,0.535336072251,-0.124057767018,-1.37540166926,0.0784151072262,1.90126836826,0.156776563206,-0.0124265926173,-0.0521800831806,-6.3000890259e-05,-0.0839908758002,-0.0106655456381,0.0327873737697,-0.0124156624575,0.574104265694,0.818767977931,0.00200931024283,0.0,0.818724783927,-0.574044605228,-0.011969389817,0.0,-0.00864688587178,0.00851691382311,-0.999926344059,0.0,0.659440327749,0.257868128232,0.303322634516,1.0,-0.00966,-0.012696,0.484
0.463212368264,0.534270059362,-0.124053459952,-1.37712592837,0.0783308265826,1.90188657247,0.15656102266,-0.00488099288203,-0.0570609539229,0.00113410663457,-0.0864815715535,-0.00856183637043,0.0280275976756,-0.0162891729367,0.574115526673,0.818760137668,0.00198642908761,0.0,0.818716387036,-0.574055707802,-0.0120111964617,0.0,-0.00869413530172,0.00852230050901,-0.999925888456,0.0,0.659231973289,0.257612509165,0.303307490953,1.0,-0.01006,-0.0132217142857,0.504
0.463094799874,0.533458361735,-0.124055667576,-1.37844119483,0.0782413811854,1.90238038114,0.156400200242,-0.0099789093913,-0.0494584787858,0.000967601335221,-0.0865232114109,-0.00258056340998,0.0328582846599,-0.0167284460619,0.57412969558,0.818750240877,0.00197043607111,0.0,0.818706373758,-0.574070033328,-0.0120090509103,0.0,-0.00870141255369,0.00850812512163,-0.999925945871,0.0,0.659081492536,0.257407297991,0.303296807728,1.0,-0.01036,-0.013616,0.519
0.462972697857,0.532568550585,-0.124053191524,-1.37988700323,0.0781731821803,1.90292410105,0.156220763552,-0.0100315437011,-0.0604827866893,0.000586042131655,-0.0957516792057,-0.00674947343682,0.031143394531,-0.0115633438715,0.574141847827,0.818741721968,0.0019693105896,0.0,0.818697640814,-0.574081994027,-0.0120326206847,0.0,-0.00872123073973,0.00852086506088,-0.999925664734,0.0,0.658911221936,0.257194172035,0.303283145579,1.0,-0.01068,-0.0140365714286,0.535
0.462845162417,0.531588960058,-0.124056108471,-1.38145210484,0.0780756544675,1.90349370095,0.15601658621,-0.00766886579796,-0.0630045901777,0.000404878771211,-0.0904959713307,-0.00624644790204,0.0298321727479,-0.0180002102174,0.574140247189,0.818742883868,0.0019528378582,0.0,0.818698589738,-0.574080466476,-0.0120409332531,0.0,-0.00873751057167,0.00851213387976,-0.999925596975,0.0,0.658724526847,0.25695840979,0.303278170132,1.0,-0.01102,-0.0144834285714,0.552
0.462698174842,0.530514621162,-0.124061647973,-1.38319869881,0.0779658514843,1.90410589991,0.155802248093,-0.0117822487022,-0.0571189686093,-0.00128184029459,-0.0962899398312,-0.00928685643061,0.0300422803589,-0.0104170710666,0.574154349509,0.818733124097,0.00189772163489,0.0,0.818688095841,-0.57409479255,-0.0120713626775,0.0,-0.00879392167902,0.00848463085294,-0.999925336203,0.0,0.658512261715,0.256688953285,0.303257136356,1.0,-0.01138,-0.0149565714286,0.57
0.462578109766,0.529597490145,-0.124066284496,-1.38463879241,0.0778703142576,1.90464201408,0.155601044255,-0.00765844055964,-0.058901866725,-0.00174533703286,-0.0953535100468,-0.00526981598792,0.0365266894115,-0.0112665689949,0.574143698129,0.818740581952,0.00190269957214,0.0,0.818695701544,-0.574084200718,-0.0120592562115,0.0,-0.00878126175195,0.00848164121689,-0.999925472825,0.0,0.658343943333,0.256469232927,0.303264354906,1.0,-0.01168,-0.0153508571429,0.585
0.462437949412,0.528422166298,-0.124062139137,-1.38643404219,0.0777602772742,1.90532718121,0.1553589989,-0.00644702060743,-0.0641846577617,0.000785781180235,-0.0982376277669,-0.00655857644029,0.0377894430273,-0.0126337010789,0.574125132024,0.818753470858,0.00195796765403,0.0,0.818709311099,-0.574065396828,-0.0120304192082,0.0,-0.00872611400904,0.0085101362119,-0.999925713499,0.0,0.658132625255,0.256210405681,0.303296758856,1.0,-0.01204,-0.015824,0.603
0.462299987772,0.527300834725,-0.124064930709,-1.38817170443,0.0776516564834,1.90599235092,0.155108844286,-0.0101727648671,-0.0709474190324,-0.000529105945303,-0.104361017162,-0.00338911528591,0.0404943150064,-0.0122935313982,0.574100090996,0.818770937313,0.0019961541855,0.0,0.81872732653,-0.574040245427,-0.0120045126594,0.0,-0.00868324042285,0.00852626194672,-0.999925949355,0.0,0.657929774419,0.255954016634,0.303316762421,1.0,-0.01238,-0.0162708571429,0.62
0.462164166024,0.526278499122,-0.124062750741,-1.38975667344,0.077554843816,1.90658650958,0.154901946314,-0.00619421021124,-0.0683354739456,0.00124062740475,-0.102528374295,-0.00137905342763,0.0322347765008,-0.0047333089981,0.574099840417,0.818771048146,0.00202258560303,0.0,0.818727767668,-0.574039868789,-0.0119924305669,0.0,-0.00865817686766,0.0085409639104,-0.999926041219,0.0,0.65774312302,0.255715879418,0.303333197244,1.0,-0.01268,-0.0166651428571,0.635
0.46199908675,0.525019694622,-0.124070522201,-1.39171654722,0.0774418814248,1.90729182141,0.154636845708,-0.0118165112681,-0.0677951579397,0.00339001918981,-0.106428384242,-0.00553749842501,0.0325107924418,-0.0163815702266,0.574098414111,0.81877203433,0.00202820486799,0.0,0.818728753734,-0.574038346504,-0.0119979770703,0.0,-0.00865950744727,0.00854873384212,-0.9999259633,0.0,0.657506980063,0.255416285909,0.303347232667,1.0,-0.01304,-0.0171382857143,0.653
0.461837520972,0.52384417067,-0.124079307408,-1.39360973501,0.077311707362,1.90797190999,0.154373737006,-0.00637922465092,-0.0682272983762,-0.00121249469305,-0.111243934109,-0.0111618183618,0.0371939724251,-0.0202124883008,0.574087918925,0.818779498316,0.00198529159844,0.0,0.81873577383,-0.57402814852,-0.0120068421616,0.0,-0.00869151027943,0.00851857629154,-0.999925943011,0.0,0.657278895215,0.255120806082,0.303331947499,1.0,-0.01338,-0.0175851428571,0.67
0.46169369523,0.522680945062,-0.124074917203,-1.39543559724,0.0772005078211,1.90867284076,0.154125685354,-0.00619340381361,-0.0730520459831,-0.00109455988451,-0.117621019117,-0.00290542778986,0.0482132258735,-0.0190018792274,0.574067494338,0.818793740766,0.0020171583869,0.0,0.818750419992,-0.574007579712,-0.0119914593257,0.0,-0.00866083438286,0.00853562062216,-0.999926063831,0.0,0.657061347378,0.254856959923,0.303341143088,1.0,-0.0137,-0.0180057142857,0.686
0.461525923093,0.521445630384,-0.124083323853,-1.39742002961,0.0770869371183,1.90944585497,0.153850777421,-0.0115051251556,-0.0725465666132,-0.000958633904562,-0.116485657811,-0.0103168602418,0.040843421547,-0.0225647338108,0.574061542702,0.818797865865,0.00203640533222,0.0,0.818754792661,-0.574001544428,-0.0119817940793,0.0,-0.00864193399958,0.00854576835157,-0.999926140682,0.0,0.656831245483,0.254556570618,0.303331907715,1.0,-0.01404,-0.0184525714286,0.703
0.461350393125,0.520156951345,-0.124091400856,-1.39945256025,0.0769529850823,1.91019110976,0.153586772083,-0.0131180640364,-0.0812941748227,-0.0014386444974,-0.12154396635,-0.00753393881809,0.0491418634218,-0.0148025806471,0.57406693643,0.818794101682,0.00202939623973,0.0,0.818751026643,-0.574007055407,-0.0119751248254,0.0,-0.00864044016934,0.00853625782602,-0.999926234827,0.0,0.656587958589,0.254241203604,0.303334429321,1.0,-0.01438,-0.0188994285714,0.72
0.461157573935,0.518665953607,-0.124091117456,-1.40178262972,0.0768006953489,1.911016384,0.153275991159,-0.00914784251559,-0.0800465391195,-0.00160379961959,-0.125339522722,-0.00175382656487,0.0511036635718,-0.0226000829498,0.574052552571,0.818804226568,0.00201304328977,0.0,0.818760939325,-0.573992743074,-0.0119834066742,0.0,-0.00865675846316,0.0085274705849,-0.999926168664,0.0,0.656298345855,0.253889256588,0.30334361003,1.0,-0.01476,-0.0193988571429,0.739
0.461014036066,0.517557925911,-0.124098267316,-1.40353697064,0.0766856505867,1.91164175825,0.153029922182,-0.0104831304505,-0.0802144530938,-0.000554755435729,-0.126718261634,-0.00863061550894,0.0448783892014,-0.0225906545395,0.57403540602,0.818816305265,0.00198941429281,0.0,0.818772751125,-0.57397573898,-0.0119908289799,0.0,-0.00867657779454,0.00851220248191,-0.999926126975,0.0,0.656081363207,0.253621113358,0.303340573186,1.0,-0.01504,-0.0197668571429,0.753
0.460785944652,0.515958541764,-0.12410253409,-1.40607535897,0.0765273370969,1.91259326745,0.152681948308,-0.00758345151245,-0.0810286645898,0.00162220530447,-0.124391857255,-0.00947567595016,0.0523211255943,-0.00879244720961,0.574031791255,0.818818824861,0.00199539045514,0.0,0.818775373005,-0.573972123301,-0.0119848710824,0.0,-0.00866830645123,0.0085136374935,-0.999926186496,0.0,0.655779036853,0.253227732661,0.303336871149,1.0,-0.01544,-0.0202925714286,0.773
0.460655047771,0.514914295089,-0.124109580942,-1.40776542917,0.0764275779472,1.91322583457,0.152450514747,-0.0133032530654,-0.0749480901504,0.000666586342142,-0.132245343591,-0.00210846341806,0.0514864155462,-0.017263094882,0.574016765433,0.818829389419,0.00198265672595,0.0,0.818785749634,-0.573957131787,-0.0119939137844,0.0,-0.00868317631113,0.00850824247905,-0.999926103399,0.0,0.655571726224,0.252977724587,0.30331971379,1.0,-0.0157,-0.0206342857143,0.786
0.460444886189,0.513425073114,-0.124115151899,-1.41016195838,0.0762768268998,1.91404928848,0.152124042138,-0.0137354892912,-0.075549462564,-0.000308024845329,-0.133433114315,-0.0033915255828,0.0455575987308,-0.0125198541803,0.574004132655,0.818838405818,0.00191513801753,0.0,0.818793795615,-0.573944702858,-0.0120393199331,0.0,-0.00875924286332,0.00847888576729,-0.999925689319,0.0,0.655283649845,0.252626212523,0.303298210105,1.0,-0.01604,-0.0210811428571,0.803
0.460260234194,0.51206439914,-0.124120640384,-1.41231632031,0.0761492400927,1.91482057811,0.151813457823,-0.0114941690798,-0.0848308113692,-0.000322207924729,-0.131473993804,-0.00983462577761,0.0477698047611,-0.0246112167613,0.573986516349,0.818850819283,0.00188724931156,0.0,0.8188057297,-0.573927098961,-0.0120668549947,0.0,-0.0087979799646,0.00847166571721,-0.999925410432,0.0,0.654981399708,0.25225730076,0.303284259147,1.0,-0.0164,-0.0215542857143,0.821
0.460049394782,0.510532680806,-0.124119067545,-1.41477564877,0.0760018843057,1.9157636884,0.151462815847,-0.0133511597814,-0.0896972761302,0.00022276040971,-0.139522089395,-0.0125232394378,0.0551800036882,-0.0173237658782,0.573962806491,0.818867401063,0.00190345536943,0.0,0.818822518983,-0.573903317246,-0.0120586799559,0.0,-0.0087822296501,0.00847998917649,-0.999925478336,0.0,0.654702707236,0.251904562563,0.303272890643,1.0,-0.01674,-0.0220011428571,0.838
0.459847349596,0.50903676403,-0.124122703144,-1.41713506835,0.0758530046139,1.91662855305,0.151136138224,-0.0115219861691,-0.0944307934395,-0.000263365548703,-0.13964553046,-0.012735520768,0.0539023861842,-0.0210642198345,0.573945856975,0.818879287,0.00190091678627,0.0,0.818834371394,-0.573886380561,-0.0120599059439,0.0,-0.00878486606227,0.00847843228983,-0.99992546838,0.0,0.654410958409,0.251544544567,0.303271894466,1.0,-0.01708,-0.022448,0.855
0.459635255777,0.507528294562,-0.12413027145,-1.41951855423,0.07569898426,1.91747308089,0.150809789322,-0.0106124092897,-0.0897988747364,-0.000846705781035,-0.14314260143,-0.00876723994614,0.0508750640451,-0.0133464501005,0.573939417495,0.818883872406,0.00186961492945,0.0,0.818838553965,-0.573880084816,-0.0120754997468,0.0,-0.00881566694852,0.00846168098953,-0.999925339198,0.0,0.654112426307,0.251170884192,0.303266070807,1.0,-0.01742,-0.0228948571429,0.872
0.459449224677,0.506133800978,-0.124136607818,-1.42167208419,0.0755601578093,1.91828472203,0.150519019586,-0.0139571736132,-0.0923138862705,-0.000891085100309,-0.148259967387,-0.0129874012747,0.0463968211205,-0.0150931469052,0.573932033407,0.818888958066,0.00190847781307,0.0,0.818844225072,-0.57387260682,-0.0120462902496,0.0,-0.00876951977381,0.00847666109584,-0.999925618103,0.0,0.653850874623,0.250841001189,0.303286573733,1.0,-0.01772,-0.0232891428571,0.887
0.459220968069,0.504406690929,-0.124139876636,-1.4242939615,0.0754031435981,1.91929367211,0.150143027401,-0.0123703945528,-0.100564481745,-0.000344045405204,-0.148949900362,-0.00526268430326,0.0480159942822,-0.0252078790564,0.573906348386,0.818906725465,0.00200628301025,0.0,0.818863265777,-0.573846502739,-0.0119954223034,0.0,-0.00867200047302,0.008527284646,-0.999926038177,0.0,0.65353509695,0.250444582841,0.303333069653,1.0,-0.01808,-0.0237622857143,0.905
0.45900462099,0.502828051219,-0.124141509932,-1.42662215288,0.0752467694137,1.92017674971,0.149829558874,-0.0118051087757,-0.102229146414,0.000808086163319,-0.150629114659,-0.0101997669875,0.0556998404702,-0.0127795921358,0.573905989222,0.818906708453,0.00211312240172,0.0,0.818864767148,-0.573845823915,-0.0119252002195,0.0,-0.00855318466902,0.00857447039719,-0.999926658055,0.0,0.653238049419,0.250057171275,0.303405217067,1.0,-0.01842,-0.0242091428571,0.922
0.458768221699,0.501120057361,-0.124147952744,-1.42919327875,0.0750864728458,1.92107772345,0.149465250214,-0.010880109727,-0.0977796099489,-2.14732504499e-05,-0.153262199736,-0.0071883706668,0.0521412560857,-0.0210906242693,0.573892748557,0.8189159019,0.00214608259447,0.0,0.818874337668,-0.573832398064,-0.0119140648875,0.0,-0.00852528960926,0.008594932887,-0.999926720598,0.0,0.652931355364,0.249676190257,0.303450610428,1.0,-0.01874,-0.0246297142857,0.938
0.458527308102,0.499406554953,-0.124147696237,-1.43178644057,0.0749217360508,1.92202560802,0.149108197799,-0.0191710159111,-0.0957066621116,0.000264787770496,-0.154545540062,-0.0134998423041,0.0554007154363,-0.0116273230831,0.573884895612,0.818921254523,0.00220281197222,0.0,0.818880419057,-0.573824307545,-0.0118857165544,0.0,-0.00846960192313,0.00862503885375,-0.999926934605,0.0,0.65260927328,0.249271822765,0.303493845512,1.0,-0.01908,-0.0250765714286,0.955
0.458274744998,0.497723048396,-0.124145263014,-1.43442768142,0.074756659443,1.92300170983,0.148709420607,-0.0135576725714,-0.0962739728993,-9.95509022644e-05,-0.152218558753,-0.0130555617834,0.0565658634522,-0.0178356002058,0.573852927609,0.81894361661,0.00221747354316,0.0,0.818902926201,-0.573792238328,-0.0118832484967,0.0,-0.00845950426485,0.00863529876885,-0.999926931532,0.0,0.6522816646,0.248856993801,0.303495114983,1.0,-0.01942,-0.0255234285714,0.972
0.458024881768,0.496144292681,-0.124150517763,-1.43695422381,0.0746037777185,1.92389193281,0.148333836289,-0.0171453813308,-0.0982736210094,-0.00132337660564,-0.157748697576,-0.00816064703068,0.0568383643605,-0.0313507145451,0.573840114631,0.818952722379,0.00216984998973,0.0,0.818911284507,-0.573779489194,-0.0119227844029,0.0,-0.00851934535019,0.0086188525504,-0.999926565371,0.0,0.651961084199,0.248447982543,0.303470210587,1.0,-0.01974,-0.025944,0.988
0.457749276029,0.49446486958,-0.124151503214,-1.43969492376,0.0744273544163,1.92484043794,0.147956588718,-0.0189314128472,-0.0982823889145,-0.000918455047925,-0.163329488994,-0.0110181687465,0.0565482734274,-0.0191616584441,0.5738476315,0.818947712973,0.00207029937369,0.0,0.818904876696,-0.573787314606,-0.0119861346206,0.0,-0.00862827213783,0.00857375828761,-0.999926019058,0.0,0.651608367862,0.248000997507,0.303417886552,1.0,-0.0215251428571,-0.0282901877551,1.005
0.45744438371,0.492270279766,-0.12421163717,-1.44307906056,0.0742333592058,1.92609426742,0.14747422902,-0.0157586249814,-0.130776985269,-0.00223886656147,-0.204330702201,-0.0102761579582,0.0776460696782,-0.0309410008032,0.57386332656,0.818936588062,0.00211992070677,0.0,0.818894482005,-0.573802884687,-0.0119508898064,0.0,-0.00857076931941,0.0085943342163,-0.999926336953,0.0,0.651193964858,0.247448597245,0.303445290239,1.0,-0.0284782857143,-0.0374286040816,1.023
0.457059732346,0.489543639682,-0.124227978526,-1.44748361162,0.0739909464023,1.92772318971,0.146814671378,-0.0294760130647,-0.167396498269,-0.000248135613859,-0.267919352453,-0.018781130845,0.0932499730807,-0.0365098963441,0.573805136467,0.81897744121,0.00208879260719,0.0,0.81893461502,-0.57374451738,-0.0120029996245,0.0,-0.00863191880421,0.0085981329479,-0.999925778289,0.0,0.65063016966,0.246773843214,0.303387286613,1.0,-0.0354314285714,-0.0465670204082,1.041
0.4565857685,0.486527329607,-0.12426897285,-1.45225313555,0.0737039087891,1.92949928098,0.14611972228,-0.0247770580651,-0.193437862157,-0.00401567615784,-0.307227014846,-0.0195306224009,0.108880983603,-0.0422104416514,0.573813099942,0.818971827946,0.00210196756361,0.0,0.818929191915,-0.573752442854,-0.0119941590134,0.0,-0.00861703521205,0.00860393381533,-0.999925856765,0.0,0.650040659787,0.245990284207,0.303368401868,1.0,-0.041612,-0.0546900571429,1.057
0.456052208282,0.48299659203,-0.124362575748,-1.457720691,0.0733735387073,1.93147596325,0.14527693948,-0.0336263344826,-0.231263544911,-0.00476689552685,-0.360169098391,-0.0185971596169,0.125865067435,-0.0628841590013,0.573807381003,0.818975780059,0.00212322521608,0.0,0.818933575666,-0.573746790716,-0.0119651866367,0.0,-0.00858116961975,0.00860465849171,-0.999926158964,0.0,0.649358055674,0.24506842894,0.303390872349,1.0,-0.0477925714286,-0.0628130938775,1.073
0.45540194225,0.478962015538,-0.124445634458,-1.46404536245,0.0729976420706,1.93369273248,0.144337837405,-0.0441816469052,-0.262297662391,-0.00581954439863,-0.416683684641,-0.0279891157709,0.154399222082,-0.0649890542269,0.573837892875,0.818954568233,0.00205785606419,0.0,0.818911383672,-0.573777445058,-0.0120139975147,0.0,-0.00865833345233,0.00857945395682,-0.999925710356,0.0,0.64854865672,0.243991948412,0.303372160144,1.0,-0.0539731428571,-0.0709361306122,1.089
0.454625530427,0.474138872951,-0.124533748722,-1.47147341378,0.0725437542489,1.93640411872,0.143277238191,-0.0492960241055,-0.289571598741,-0.0070709694879,-0.460402650017,-0.0284746100333,0.164119391645,-0.0682748545372,0.573905437439,0.818907032099,0.00213741838949,0.0,0.818864979824,-0.573844743133,-0.011962545572,0.0,-0.00856983137981,0.00861579289646,-0.999926160325,0.0,0.647614497503,0.242732297131,0.303412719297,1.0,-0.06054,-0.0795668571429,1.106
0.453730372917,0.468781639044,-0.12458325005,-1.47961683017,0.072070254363,1.9393736855,0.142020602515,-0.0528543551381,-0.327227312427,-0.00403849832331,-0.489262154434,-0.0318972419313,0.188767511852,-0.0850840322561,0.573906971212,0.818905491067,0.00230911150856,0.0,0.818865349052,-0.573845247103,-0.0119129929188,0.0,-0.00843070496926,0.00872796912603,-0.999926370174,0.0,0.646579330649,0.241356573575,0.303497082261,1.0,-0.0671068571429,-0.0881975836735,1.123
0.45267895675,0.462536252818,-0.124616762985,-1.48915303015,0.0714534945003,1.94279135348,0.14049677953,-0.0643174987375,-0.361914605462,0.000468674609764,-0.551590483494,-0.0355335214209,0.187426021986,-0.0795986281243,0.573825619851,0.818962206145,0.0024103548023,0.0,0.818923305449,-0.573763427719,-0.0118699497397,0.0,-0.00833822732901,0.00878534613415,-0.999926643139,0.0,0.645337916784,0.239746172968,0.303561965178,1.0,-0.07406,-0.097336,1.141
0.451632411256,0.456525420749,-0.124678345254,-1.498517778,0.0708340711728,1.9459469355,0.139118473796,-0.0666234435652,-0.379665120878,-0.00890950688204,-0.60283075836,-0.0379637104146,0.20425203907,-0.090786524271,0.573863174582,0.818936405285,0.00222886937523,0.0,0.818894909901,-0.573801465198,-0.0119896612275,0.0,-0.00854000597453,0.00870580245404,-0.999925635886,0.0,0.644069905561,0.238124690379,0.303516535606,1.0,-0.0802405714286,-0.105459036735,1.157
0.450510250017,0.449971458753,-0.124765239021,-1.50828191576,0.0701551010827,1.94956825597,0.137529038045,-0.0764318347581,-0.430773784448,-0.00489802177862,-0.621094065185,-0.0498759537259,0.244690027996,-0.104213590868,0.573804217724,0.818976826329,0.0025346715566,0.0,0.818940047145,-0.573742098279,-0.0117452435443,0.0,-0.00816499170645,0.00881538405144,-0.999927808351,0.0,0.642819249258,0.236423269526,0.303684950215,1.0,-0.0864211428571,-0.113582073469,1.173
0.449200955218,0.442646157086,-0.124790068938,-1.51937932394,0.069446425059,1.95352654835,0.135853409299,-0.0741740853734,-0.444050758165,-0.00137903243889,-0.684396533486,-0.0514560867101,0.238010304734,-0.10890821796,0.573827575005,0.818959934282,0.00269946398899,0.0,0.818924975099,-0.573764510118,-0.0117012388238,0.0,-0.00803414382708,0.00892532381892,-0.999927892964,0.0,0.641330929993,0.234513146807,0.30376410862,1.0,-0.092988,-0.1222128,1.19
0.447679121089,0.434389913877,-0.124825171708,-1.53204153827,0.0685909386255,1.95784050954,0.133784657763,-0.0915359869817,-0.474122274626,-0.00168960946232,-0.694150668232,-0.0406685093824,0.255025397397,-0.120559022377,0.573726674628,0.819030900728,0.00261407212063,0.0,0.818994450581,-0.573663510492,-0.0117904007181,0.0,-0.00815726178326,0.00890554941617,-0.999927072476,0.0,0.639572862366,0.232295589677,0.303752173197,1.0,-0.0999411428571,-0.131351216327,1.208
0.446207062665,0.426616203179,-0.124858929666,-1.54384040739,0.0677486191281,1.96204525525,0.131864606705,-0.0951542363348,-0.490350634639,-0.00558231740544,-0.756356244006,-0.0601864395872,0.258284120859,-0.126740309271,0.573659566506,0.819077532237,0.00272852385294,0.0,0.819042885577,-0.573596348921,-0.0116930317832,0.0,-0.00801258256443,0.00894276976982,-0.999927910096,0.0,0.637963147983,0.230205140528,0.303796638454,1.0,-0.106121714286,-0.139474253061,1.224
0.444593403143,0.418469601496,-0.124937036395,-1.55632028786,0.0668615633345,1.96622758839,0.129815634161,-0.103452195698,-0.51685327139,-0.0117998928737,-0.807968508733,-0.0562287811769,0.264284688402,-0.12724001042,0.573639685583,0.819091969935,0.00256959413316,0.0,0.819055191307,-0.573576968396,-0.011781418456,0.0,-0.00817636265918,0.00886309923527,-0.99992729364,0.0,0.636199799759,0.227921886038,0.303754937273,1.0,-0.112302285714,-0.147597289796,1.24
0.442871233645,0.409874218008,-0.125042687898,-1.56919737286,0.065962019798,1.97080920163,0.127647975258,-0.112032813691,-0.531800669937,-0.00826375821575,-0.812419641353,-0.0525826096483,0.280531532293,-0.135562564579,0.573634767509,0.819094696635,0.00278896956023,0.0,0.819061126265,-0.573571672762,-0.0116255988404,0.0,-0.00792294496069,0.00895335661697,-0.99992852962,0.0,0.634426933174,0.225543024736,0.303845835304,1.0,-0.118482857143,-0.155720326531,1.256
0.4406912273,0.399797480347,-0.125138956934,-1.58450434646,0.0649409904938,1.9758939394,0.125103010533,-0.126178055745,-0.574272246354,-0.00948241163021,-0.836016925454,-0.0507642432562,0.291058958589,-0.146648150263,0.573739138792,0.81902196249,0.00267814832962,0.0,0.81898613729,-0.573675509585,-0.0117840370981,0.0,-0.00811515332428,0.00895450205365,-0.999926977924,0.0,0.632225005246,0.222641475705,0.303804363842,1.0,-0.125436,-0.164858742857,1.274
0.438508786849,0.389832253523,-0.125274063895,-1.59942141066,0.0637944039943,1.98104403779,0.122554505387,-0.123092543806,-0.588366376178,-0.00665642256436,-0.869794487041,-0.0648249234039,0.296917914299,-0.158149230337,0.57379735085,0.818980899286,0.00276290857558,0.0,0.818947062836,-0.573734404852,-0.0116313310543,0.0,-0.00794081514476,0.0089368748712,-0.999928535308,0.0,0.630109420014,0.219754717557,0.303854076156,1.0,-0.132002857143,-0.173489469388,1.291
0.436182491506,0.379390945223,-0.125383787182,-1.61497910202,0.0626362850691,1.98618989804,0.119762929554,-0.139470743947,-0.628542892975,-0.00195420760657,-0.915647163741,-0.0615049100668,0.313961117591,-0.154720105677,0.573758269562,0.819008326756,0.00274876595281,0.0,0.818974345599,-0.573695420261,-0.0116332679294,0.0,-0.00795094194331,0.00892602432754,-0.999928551754,0.0,0.627817701472,0.216736065083,0.303891040159,1.0,-0.138569714286,-0.182120195918,1.308
0.433802950893,0.369311202347,-0.125490006553,-1.63007918409,0.0615137438463,1.99121532515,0.117089179245,-0.154353266141,-0.636451385933,-0.00817185985321,-0.963533996882,-0.0745508565834,0.31967203327,-0.161517497281,0.573839354857,0.818951732701,0.00268350981733,0.0,0.818916847773,-0.573776656785,-0.0116743935239,0.0,-0.00802118394583,0.00889696914289,-0.9999282497,0.0,0.625431684874,0.213551943417,0.303851292139,1.0,-0.145136571429,-0.190750922449,1.325
0.431124964499,0.358145580726,-0.125635720132,-1.64650835598,0.060218363593,1.99665978636,0.11411667165,-0.162382882681,-0.656014544689,-0.0054698154954,-0.988450147574,-0.0787374909305,0.32066706823,-0.186356630649,0.573908817572,0.818902676574,0.00279683983683,0.0,0.818869890452,-0.573846434883,-0.0115377027452,0.0,-0.00784345010102,0.00891200885461,-0.999929525711,0.0,0.62312906152,0.210422061099,0.303941814729,1.0,-0.151317142857,-0.198873959184,1.341
0.428236219748,0.34669505849,-0.125763615416,-1.66353448886,0.0589850147937,2.00208037966,0.11087204852,-0.174677677558,-0.69529181965,-0.0048500323995,-0.99755230062,-0.075650097826,0.328849516787,-0.195018360554,0.573943335612,0.818878891645,0.00267492530378,0.0,0.818843633466,-0.573880364468,-0.0117123059541,0.0,-0.00805602811355,0.00891271709943,-0.999927829338,0.0,0.620500244808,0.206942173687,0.3038868926,1.0,-0.157884,-0.207504685714,1.358
0.425219668341,0.334859285669,-0.125865023061,-1.68094183139,0.0576151047596,2.00775998599,0.107586681134,-0.180991694577,-0.701171770987,-0.0033297832653,-1.04286730108,-0.0813379259676,0.337725654365,-0.202778303584,0.573972505003,0.818858299807,0.00271941895075,0.0,0.818823681537,-0.573909442674,-0.0116823398858,0.0,-0.00800563489549,0.00893223849869,-0.999928059875,0.0,0.617799452282,0.203376879083,0.303890652197,1.0,-0.164450857143,-0.216135412245,1.375
0.422822999231,0.325465718232,-0.125869025402,-1.6945244771,0.0564570751541,2.01210698615,0.104911450528,-0.179945171028,-0.727533032291,0.00226683965843,-1.05264212122,-0.0888170475197,0.342065305886,-0.213291471866,0.573830825633,0.818957345319,0.00279231142707,0.0,0.818924050247,-0.573767957009,-0.0115964795741,0.0,-0.00789503530809,0.00894128057919,-0.999928858429,0.0,0.615637496303,0.200612123256,0.303961301828,1.0,-0.169472571429,-0.222735379592,1.388
0.418879611324,0.310725850303,-0.125915496531,-1.71595015925,0.0547835715874,2.01881813484,0.100656306716,-0.197905720877,-0.753684972499,-0.00123570012637,-1.07333368986,-0.0805179393561,0.343126262461,-0.221304418424,0.5737646546,0.819003629137,0.00281487004463,0.0,0.818969701255,-0.573700669742,-0.0117011480141,0.0,-0.00796854327791,0.00901917207525,-0.999927575804,0.0,0.612159220817,0.196169173845,0.303964878182,1.0,-0.177198285714,-0.23288917551,1.408
